3 0.61953125 0.48046875 0.153125 0.0515625
13 0.40703125 0.55546875 0.1734375 0.11875
8 0.7546875 0.61796875 0.2 0.1015625
21 0.36875 0.6015625 0.1796875 0.1078125
6 0.546875 0.61640625 0.228125 0.0828125
1 0.7640625 0.89453125 0.1734375 0.13125
17 0.39140625 0.903125 0.1859375 0.0984375
11 0.61171875 0.92265625 0.0921875 0.084375
26 0.3765625 0.19453125 0.1390625 0.09375
7 0.60703125 0.21796875 0.103125 0.05625
24 0.79375 0.2453125 0.1265625 0.0296875
14 0.675 0.45 0.10625 0.0375
29 0.559375 0.44609375 0.153125 0.0828125
19 0.7328125 0.46953125 0.2046875 0.0625
2 0.3875 0.45625 0.1953125 0.0640625