27 0.7515625 0.56484375 0.1109375 0.1328125
13 0.33359375 0.58671875 0.1328125 0.121875
25 0.528125 0.60234375 0.315625 0.10625
20 0.64453125 0.81640625 0.096875 0.159375
18 0.3296875 0.84296875 0.0546875 0.096875
7 0.60390625 0.91328125 0.15 0.090625
13 0.328125 0.16484375 0.18125 0.14375
5 0.49296875 0.203125 0.2015625 0.075
0 0.6171875 0.21171875 0.278125 0.065625
29 0.784375 0.2203125 0.0921875 0.05
26 0.3875 0.4515625 0.134375 0.084375
19 0.69765625 0.45546875 0.203125 0.04375
6 0.540625 0.45859375 0.196875 0.065625