27 0.75390625 0.55625 0.115625 0.1359375
13 0.33671875 0.5921875 0.1375 0.1265625
25 0.53203125 0.6015625 0.31875 0.1171875
20 0.65546875 0.8109375 0.103125 0.1625
18 0.34140625 0.8484375 0.0578125 0.1
7 0.61796875 0.909375 0.1515625 0.0953125
13 0.31640625 0.17109375 0.1859375 0.15
5 0.4828125 0.20390625 0.2046875 0.0828125
0 0.60703125 0.2078125 0.2796875 0.0765625
29 0.77421875 0.2109375 0.09375 0.053125
26 0.3859375 0.45546875 0.1375 0.0875
19 0.69609375 0.4484375 0.203125 0.0515625
6 0.5390625 0.45703125 0.2 0.0734375