7 0.58671875 0.5875 0.1296875 0.0578125
12 0.75703125 0.58984375 0.1109375 0.0640625
9 0.40390625 0.61015625 0.1921875 0.0765625
5 0.54140625 0.834375 0.1703125 0.115625
8 0.73359375 0.86640625 0.2859375 0.1328125
23 0.396875 0.89296875 0.1375 0.084375
21 0.3796875 0.20703125 0.1546875 0.078125
6 0.7765625 0.21796875 0.2296875 0.0421875
10 0.5078125 0.23671875 0.128125 0.0234375
20 0.4234375 0.4078125 0.1015625 0.1703125
27 0.56484375 0.41015625 0.103125 0.1328125
29 0.7453125 0.44296875 0.1703125 0.078125