13 0.54140625 0.57109375 0.134375 0.1390625
3 0.6859375 0.58984375 0.1515625 0.0609375
5 0.375 0.60078125 0.178125 0.1015625
0 0.78515625 0.84921875 0.0921875 0.075
22 0.66171875 0.85703125 0.1453125 0.1265625
1 0.52578125 0.8796875 0.2 0.1125
19 0.37578125 0.8828125 0.1546875 0.0828125
25 0.72265625 0.20078125 0.259375 0.0875
29 0.38671875 0.2078125 0.2125 0.090625
15 0.540625 0.2171875 0.1640625 0.059375
23 0.7078125 0.44375 0.134375 0.06875
7 0.6265625 0.45390625 0.16875 0.075
16 0.396875 0.465625 0.1921875 0.0578125