6 0.74921875 0.46640625 0.26875 0.059375
1 0.43203125 0.58984375 0.146875 0.1
8 0.75546875 0.6046875 0.19375 0.09375
29 0.56015625 0.60546875 0.1546875 0.08125
11 0.34609375 0.61640625 0.08125 0.0703125
22 0.74609375 0.86015625 0.1328125 0.1125
23 0.48046875 0.86875 0.15 0.0609375
5 0.35859375 0.8984375 0.1875 0.11875
17 0.6015625 0.94375 0.225 0.090625
25 0.36875 0.18671875 0.259375 0.121875
14 0.68828125 0.21484375 0.096875 0.05625
19 0.7890625 0.22421875 0.14375 0.046875
24 0.56953125 0.23046875 0.146875 0.0390625
18 0.35234375 0.40703125 0.0578125 0.08125
27 0.55234375 0.4140625 0.1140625 0.13125
7 0.39375 0.4546875 0.125 0.05625