2 0.77421875 0.45859375 0.2140625 0.059375
22 0.371875 0.5875 0.153125 0.1125
25 0.52421875 0.5984375 0.26875 0.096875
15 0.765625 0.58984375 0.246875 0.103125
21 0.59140625 0.85 0.2 0.103125
18 0.73125 0.86015625 0.065625 0.0984375
23 0.4015625 0.89609375 0.1734375 0.1171875
28 0.7 0.91640625 0.35 0.1453125
26 0.75 0.196875 0.1484375 0.071875
19 0.3703125 0.22578125 0.1359375 0.0453125
3 0.5671875 0.21953125 0.1421875 0.046875
29 0.5578125 0.43984375 0.1671875 0.0828125
7 0.3984375 0.45546875 0.1453125 0.0640625