15 0.6421875 0.559375 0.2453125 0.0875
21 0.31015625 0.58515625 0.1625 0.0875
25 0.6328125 0.59296875 0.2359375 0.109375
17 0.4671875 0.5953125 0.1890625 0.0953125
22 0.27890625 0.865625 0.134375 0.1078125
3 0.44609375 0.87265625 0.1453125 0.06875
16 0.67421875 0.88125 0.20625 0.109375
18 0.44140625 0.19296875 0.059375 0.0984375
26 0.28515625 0.203125 0.1578125 0.084375
29 0.5453125 0.2109375 0.175 0.075
1 0.6703125 0.21796875 0.14375 0.06875
8 0.3234375 0.4171875 0.2140625 0.08125
5 0.68515625 0.446875 0.1921875 0.0984375
24 0.48828125 0.46015625 0.1375 0.0421875