1 0.4234375 0.58359375 0.1484375 0.090625
8 0.75078125 0.609375 0.203125 0.0953125
29 0.55859375 0.60625 0.159375 0.090625
11 0.334375 0.6171875 0.078125 0.0671875
23 0.6390625 0.8671875 0.14375 0.096875
22 0.76171875 0.871875 0.1390625 0.1296875
26 0.50390625 0.87109375 0.14375 0.103125
2 0.3625 0.89453125 0.153125 0.1046875
7 0.57890625 0.21328125 0.08125 0.0515625
14 0.7171875 0.22265625 0.1125 0.0546875
19 0.79921875 0.228125 0.1328125 0.0375
18 0.74609375 0.409375 0.0578125 0.065625
5 0.3828125 0.44375 0.2046875 0.096875
15 0.77890625 0.45390625 0.190625 0.0921875
6 0.6171875 0.46328125 0.196875 0.0625