8 0.4328125 0.58828125 0.19375 0.084375
9 0.78359375 0.61640625 0.1671875 0.0546875
15 0.6359375 0.83984375 0.1875 0.1140625
13 0.49140625 0.8640625 0.134375 0.13125
4 0.378125 0.88046875 0.1453125 0.0921875
19 0.7578125 0.91484375 0.0921875 0.078125
19 0.59609375 0.91328125 0.06875 0.046875
23 0.546875 0.21328125 0.1953125 0.0640625
12 0.38984375 0.21171875 0.1171875 0.0515625
24 0.80078125 0.2375 0.1765625 0.0390625
20 0.73984375 0.40546875 0.1078125 0.153125
22 0.7953125 0.4484375 0.1578125 0.1
29 0.5984375 0.44765625 0.1546875 0.071875
16 0.43203125 0.453125 0.1984375 0.05625