27 0.7453125 0.55390625 0.121875 0.1390625
13 0.334375 0.58984375 0.1296875 0.1359375
1 0.634375 0.6015625 0.2015625 0.0953125
24 0.45625 0.62578125 0.134375 0.0515625
20 0.6640625 0.80703125 0.10625 0.165625
18 0.3484375 0.8515625 0.05625 0.103125
22 0.46875 0.853125 0.19375 0.0984375
23 0.3890625 0.92421875 0.1671875 0.125
0 0.646875 0.915625 0.1734375 0.09375
13 0.31640625 0.184375 0.1703125 0.1484375
26 0.675 0.19921875 0.175 0.0796875
27 0.75234375 0.4078125 0.1234375 0.1296875
25 0.55078125 0.4515625 0.3078125 0.096875
11 0.32421875 0.47109375 0.084375 0.06875