8 0.440625 0.59375 0.19375 0.0875
9 0.79296875 0.59140625 0.16875 0.0578125
4 0.63671875 0.6046875 0.15625 0.071875
15 0.66484375 0.82734375 0.1890625 0.1171875
13 0.51171875 0.8375 0.1078125 0.1296875
29 0.80390625 0.8984375 0.1546875 0.08125
23 0.77890625 0.203125 0.15625 0.0640625
12 0.428125 0.225 0.15 0.0546875
24 0.6515625 0.21796875 0.1515625 0.0421875
20 0.73125 0.384375 0.1109375 0.1546875
22 0.7890625 0.42265625 0.159375 0.103125
16 0.44765625 0.4578125 0.1984375 0.059375
19 0.64609375 0.45078125 0.1328125 0.0546875