13 0.48125 0.559375 0.1359375 0.1140625
21 0.41015625 0.60234375 0.1625 0.109375
6 0.775 0.61171875 0.175 0.08125
24 0.5734375 0.62109375 0.1234375 0.0484375
26 0.5125 0.8640625 0.1671875 0.1078125
19 0.36640625 0.8859375 0.1234375 0.084375
2 0.765625 0.8765625 0.209375 0.103125
13 0.7890625 0.18359375 0.121875 0.109375
15 0.3984375 0.21796875 0.253125 0.065625
20 0.59453125 0.39140625 0.1125 0.1453125
25 0.41875 0.446875 0.2375 0.090625
29 0.565625 0.45859375 0.190625 0.0703125
16 0.75078125 0.4546875 0.1953125 0.0640625