0 0.6 0.5921875 0.2046875 0.1015625
9 0.77890625 0.59375 0.221875 0.0859375
16 0.4109375 0.6140625 0.1921875 0.08125
2 0.65234375 0.878125 0.215625 0.1140625
15 0.428125 0.89140625 0.2171875 0.1328125
10 0.80703125 0.884375 0.1359375 0.0921875
18 0.803125 0.17421875 0.0703125 0.1078125
26 0.371875 0.2140625 0.1640625 0.0734375
11 0.7171875 0.20390625 0.0890625 0.0640625
7 0.56015625 0.215625 0.103125 0.05625
8 0.78671875 0.4265625 0.2 0.1015625
4 0.5890625 0.44453125 0.1796875 0.065625
12 0.421875 0.4609375 0.1625 0.0578125