27 0.73984375 0.575 0.11875 0.1375
13 0.32734375 0.575 0.128125 0.1328125
1 0.625 0.61328125 0.2 0.0921875
24 0.44609375 0.621875 0.1328125 0.0484375
20 0.63671875 0.81953125 0.103125 0.1640625
18 0.31875 0.83671875 0.0546875 0.1015625
22 0.4375 0.8484375 0.1921875 0.0953125
23 0.35234375 0.91328125 0.165625 0.121875
0 0.61015625 0.9265625 0.171875 0.090625
13 0.34453125 0.16953125 0.16875 0.1453125
26 0.70078125 0.215625 0.1734375 0.0765625
27 0.759375 0.43046875 0.121875 0.128125
25 0.5546875 0.45546875 0.3078125 0.0921875
11 0.32734375 0.45546875 0.0828125 0.0671875