6 0.6234375 0.47421875 0.1125 0.034375
5 0.62890625 0.55625 0.1515625 0.0515625
26 0.40703125 0.571875 0.146875 0.065625
11 0.77109375 0.58828125 0.06875 0.053125
21 0.64296875 0.59765625 0.203125 0.090625
24 0.4171875 0.62578125 0.16875 0.0421875
14 0.81953125 0.62578125 0.125 0.059375
20 0.68515625 0.81953125 0.096875 0.15625
3 0.53125 0.83125 0.103125 0.05
27 0.77890625 0.83203125 0.1 0.1109375
23 0.4015625 0.85 0.1421875 0.090625
1 0.57578125 0.88515625 0.1859375 0.0875
8 0.76796875 0.91796875 0.2125 0.115625
19 0.36171875 0.928125 0.153125 0.08125
17 0.55546875 0.95234375 0.19375 0.06875
25 0.340625 0.1609375 0.175 0.178125
22 0.66796875 0.17890625 0.115625 0.05
27 0.7828125 0.18203125 0.0953125 0.128125
18 0.8328125 0.1890625 0.071875 0.115625
28 0.6609375 0.2078125 0.28125 0.078125
29 0.48203125 0.21328125 0.15625 0.053125
13 0.5125 0.4125 0.1390625 0.128125
15 0.77578125 0.41796875 0.178125 0.15625
13 0.6390625 0.42109375 0.14375 0.0875
0 0.3984375 0.44296875 0.178125 0.05
7 0.4203125 0.45234375 0.1328125 0.05625
6 0.74296875 0.46015625 0.121875 0.06875