10 0.415625 0.48203125 0.2421875 0.04375
28 0.77109375 0.58046875 0.1875 0.1046875
21 0.60078125 0.59296875 0.14375 0.0828125
7 0.43046875 0.609375 0.134375 0.065625
15 0.7921875 0.84140625 0.15625 0.15625
26 0.5671875 0.85703125 0.1609375 0.1015625
4 0.42734375 0.875 0.1328125 0.090625
13 0.7796875 0.1765625 0.1671875 0.1125
24 0.62890625 0.2234375 0.178125 0.0359375
18 0.74296875 0.40703125 0.0671875 0.103125
23 0.4546875 0.440625 0.1875 0.0765625
11 0.578125 0.4453125 0.08125 0.078125
25 0.69921875 0.44296875 0.303125 0.08125