22 0.36640625 0.584375 0.14375 0.0984375
5 0.52109375 0.59140625 0.16875 0.1
7 0.69609375 0.60546875 0.1421875 0.0625
19 0.76796875 0.8859375 0.146875 0.08125
29 0.38984375 0.88515625 0.16875 0.0859375
6 0.5125 0.88828125 0.1046875 0.09375
6 0.65859375 0.9015625 0.0859375 0.0796875
8 0.771875 0.20859375 0.2234375 0.0859375
3 0.35859375 0.22265625 0.128125 0.0390625
24 0.51796875 0.2296875 0.1296875 0.0359375
26 0.37265625 0.440625 0.153125 0.0921875
14 0.68515625 0.45703125 0.1015625 0.0578125
11 0.7921875 0.46015625 0.078125 0.0671875
23 0.53984375 0.4609375 0.16875 0.0703125