2 0.78515625 0.47265625 0.19375 0.053125
22 0.36640625 0.58125 0.153125 0.109375
25 0.52578125 0.5984375 0.271875 0.0921875
15 0.77109375 0.6046875 0.234375 0.10625
21 0.56328125 0.853125 0.1734375 0.09375
0 0.73125 0.86953125 0.1671875 0.0984375
23 0.39765625 0.88515625 0.1578125 0.11875
28 0.61875 0.921875 0.1140625 0.0921875
28 0.7953125 0.925 0.1234375 0.0890625
19 0.38515625 0.21875 0.134375 0.0390625
3 0.5828125 0.22421875 0.140625 0.0421875
26 0.36328125 0.4515625 0.1390625 0.08125
6 0.56484375 0.46015625 0.2640625 0.0609375