8 0.434375 0.58984375 0.1921875 0.08125
29 0.76953125 0.59921875 0.140625 0.065625
4 0.62890625 0.6140625 0.153125 0.0671875
27 0.80625 0.8328125 0.096875 0.1375
13 0.378125 0.8359375 0.103125 0.1265625
15 0.57734375 0.8703125 0.2125 0.1015625
19 0.70546875 0.90859375 0.065625 0.059375
19 0.8265625 0.9265625 0.0640625 0.0484375
23 0.7984375 0.2234375 0.1546875 0.059375
24 0.67109375 0.2296875 0.1515625 0.0359375
20 0.7453125 0.40078125 0.10625 0.1515625
22 0.8078125 0.44140625 0.15625 0.096875
5 0.6546875 0.440625 0.159375 0.090625
16 0.45078125 0.4546875 0.196875 0.053125