27 0.53203125 0.57109375 0.1125 0.134375
5 0.3703125 0.59375 0.1734375 0.1
1 0.6765625 0.61875 0.1953125 0.0765625
22 0.66875 0.8765625 0.1421875 0.1328125
21 0.528125 0.875 0.14375 0.1171875
0 0.78515625 0.884375 0.1328125 0.1359375
19 0.35078125 0.8765625 0.140625 0.084375
29 0.403125 0.19765625 0.196875 0.084375
25 0.7390625 0.21015625 0.25 0.090625
15 0.5484375 0.21640625 0.171875 0.0640625
23 0.721875 0.45703125 0.1203125 0.0609375
7 0.6296875 0.4625 0.146875 0.0640625
16 0.39765625 0.45859375 0.1890625 0.0609375