22 0.36484375 0.584375 0.14375 0.0984375
5 0.5140625 0.5921875 0.1765625 0.096875
7 0.6875 0.6046875 0.1421875 0.0609375
1 0.35546875 0.87265625 0.1671875 0.0875
19 0.7671875 0.88671875 0.1515625 0.0796875
6 0.49609375 0.88984375 0.1234375 0.0953125
6 0.653125 0.9 0.084375 0.0796875
8 0.76484375 0.2078125 0.2203125 0.0828125
3 0.3546875 0.221875 0.1296875 0.0375
24 0.51796875 0.2265625 0.1359375 0.03125
26 0.371875 0.434375 0.1375 0.0875
14 0.67890625 0.45703125 0.1078125 0.0625
11 0.7875 0.46015625 0.08125 0.0671875
23 0.5234375 0.4640625 0.16875 0.06875