27 0.740625 0.5609375 0.1109375 0.134375
13 0.34296875 0.58515625 0.1109375 0.128125
22 0.459375 0.60234375 0.1515625 0.1046875
29 0.6109375 0.61015625 0.1546875 0.0875
11 0.75390625 0.61328125 0.08125 0.0671875
5 0.690625 0.82734375 0.1546875 0.1046875
18 0.3421875 0.846875 0.059375 0.1
1 0.56171875 0.878125 0.1796875 0.0984375
17 0.3953125 0.940625 0.2328125 0.096875
20 0.51171875 0.16328125 0.1109375 0.190625
27 0.36875 0.18203125 0.125 0.1296875
3 0.73125 0.21875 0.153125 0.04375
28 0.5109375 0.45078125 0.2078125 0.0875
23 0.72890625 0.4484375 0.171875 0.06875
14 0.353125 0.4609375 0.09375 0.05625