27 0.746875 0.57734375 0.1140625 0.1375
13 0.3296875 0.5734375 0.1234375 0.1125
17 0.60546875 0.6234375 0.259375 0.075
24 0.43828125 0.6234375 0.13125 0.0484375
20 0.6296875 0.825 0.1078125 0.159375
18 0.3109375 0.83359375 0.0578125 0.1015625
0 0.6109375 0.9265625 0.18125 0.103125
23 0.34296875 0.9171875 0.1765625 0.1296875
13 0.3484375 0.16796875 0.1765625 0.15
29 0.74765625 0.22578125 0.209375 0.078125
27 0.76015625 0.43515625 0.1234375 0.1296875
1 0.4109375 0.44140625 0.1953125 0.0734375
26 0.6203125 0.4546875 0.14375 0.0875