25 0.45546875 0.55859375 0.259375 0.1125
11 0.7453125 0.60234375 0.0796875 0.0671875
4 0.6015625 0.60546875 0.14375 0.0671875
6 0.365625 0.61640625 0.1296875 0.059375
26 0.64140625 0.884375 0.1453125 0.0859375
28 0.7828125 0.8875 0.171875 0.13125
0 0.39296875 0.88359375 0.184375 0.0984375
20 0.65390625 0.171875 0.10625 0.1578125
5 0.8109375 0.2046875 0.1953125 0.09375
8 0.41484375 0.2 0.2015625 0.0875
27 0.3953125 0.40546875 0.1171875 0.121875
7 0.75234375 0.45234375 0.128125 0.0609375
16 0.5625 0.45859375 0.2484375 0.0625