24 0.54375 0.47421875 0.153125 0.0421875
22 0.36953125 0.58203125 0.140625 0.1015625
8 0.75078125 0.61953125 0.2015625 0.1015625
3 0.5421875 0.6265625 0.1234375 0.059375
6 0.359375 0.87578125 0.18125 0.1296875
19 0.49765625 0.88515625 0.1625 0.0890625
27 0.82265625 0.19140625 0.128125 0.146875
26 0.66484375 0.2109375 0.153125 0.0921875
1 0.41015625 0.21171875 0.221875 0.0734375
18 0.715625 0.44765625 0.071875 0.115625
5 0.4 0.43359375 0.1796875 0.096875
14 0.7109375 0.46484375 0.1015625 0.0546875
11 0.79453125 0.47578125 0.0859375 0.0734375