27 0.73984375 0.56953125 0.1125 0.1359375
13 0.3234375 0.5796875 0.125 0.1171875
1 0.62734375 0.6109375 0.1984375 0.0875
24 0.440625 0.6265625 0.134375 0.046875
20 0.640625 0.8203125 0.09375 0.159375
18 0.32421875 0.84140625 0.0546875 0.103125
22 0.44375 0.85078125 0.190625 0.09375
19 0.73046875 0.91328125 0.15625 0.090625
23 0.3578125 0.92109375 0.178125 0.1234375
13 0.3421875 0.1734375 0.1640625 0.1453125
26 0.69375 0.21171875 0.1671875 0.0796875
27 0.76171875 0.4265625 0.1203125 0.1296875
11 0.328125 0.45859375 0.08125 0.0640625
15 0.52578125 0.465625 0.246875 0.0609375