27 0.7359375 0.57734375 0.115625 0.1390625
13 0.3375 0.5734375 0.115625 0.13125
22 0.45234375 0.59921875 0.1546875 0.109375
29 0.603125 0.6171875 0.1578125 0.09375
11 0.7453125 0.63125 0.0828125 0.0703125
5 0.66796875 0.83984375 0.1578125 0.109375
18 0.31796875 0.834375 0.0625 0.1015625
1 0.5359375 0.88125 0.1828125 0.1046875
17 0.36484375 0.9328125 0.2359375 0.1046875
20 0.5359375 0.16484375 0.1171875 0.19375
27 0.39140625 0.1734375 0.1296875 0.134375
3 0.75 0.23515625 0.1546875 0.0484375
28 0.5140625 0.4515625 0.2109375 0.09375
23 0.73203125 0.4640625 0.1734375 0.075
14 0.35625 0.45078125 0.0953125 0.059375