27 0.74765625 0.56953125 0.109375 0.134375
13 0.32578125 0.58359375 0.1390625 0.11875
24 0.6015625 0.615625 0.1265625 0.0421875
20 0.634375 0.81328125 0.090625 0.15625
18 0.3203125 0.83984375 0.0546875 0.1015625
2 0.58984375 0.90390625 0.2609375 0.0828125
23 0.3578125 0.92265625 0.1671875 0.1234375
13 0.334375 0.16953125 0.1609375 0.153125
5 0.49921875 0.20390625 0.1953125 0.08125
29 0.7390625 0.21796875 0.196875 0.071875
7 0.6890625 0.4484375 0.1203125 0.059375
26 0.390625 0.446875 0.140625 0.0828125