13 0.40546875 0.55546875 0.153125 0.121875
26 0.35390625 0.6 0.134375 0.090625
8 0.753125 0.60390625 0.2 0.096875
6 0.55234375 0.6125 0.2203125 0.0734375
1 0.7890625 0.875 0.1625 0.128125
17 0.409375 0.90234375 0.175 0.0828125
11 0.634375 0.91796875 0.08125 0.078125
5 0.38359375 0.196875 0.2 0.09375
7 0.590625 0.2109375 0.109375 0.05
24 0.7796875 0.228125 0.134375 0.025
29 0.55625 0.44609375 0.153125 0.075
14 0.66875 0.45 0.1015625 0.05
19 0.70546875 0.45859375 0.2671875 0.0609375
2 0.3765625 0.4609375 0.18125 0.059375