0 0.40078125 0.5953125 0.184375 0.0734375
4 0.540625 0.6125 0.1859375 0.0734375
10 0.7421875 0.61640625 0.128125 0.0515625
7 0.40546875 0.87421875 0.1390625 0.059375
26 0.59609375 0.8734375 0.121875 0.08125
9 0.77421875 0.90078125 0.2125 0.1078125
27 0.77578125 0.17109375 0.1171875 0.1375
29 0.49765625 0.21171875 0.215625 0.0671875
12 0.35078125 0.21796875 0.1171875 0.0484375
25 0.3890625 0.41484375 0.1921875 0.15
18 0.53203125 0.4203125 0.0671875 0.1046875
22 0.7578125 0.42578125 0.1828125 0.10625
28 0.58984375 0.4453125 0.221875 0.078125