24 0.34140625 0.46640625 0.13125 0.0453125
27 0.73984375 0.5703125 0.1125 0.1328125
21 0.453125 0.5859375 0.1375 0.08125
13 0.3328125 0.584375 0.1328125 0.1140625
29 0.60546875 0.61171875 0.1703125 0.096875
5 0.68125 0.83359375 0.153125 0.1046875
2 0.38203125 0.88671875 0.2078125 0.1015625
25 0.53671875 0.8921875 0.28125 0.1484375
6 0.753125 0.903125 0.2140625 0.1171875
27 0.59609375 0.18515625 0.1171875 0.121875
26 0.37734375 0.203125 0.178125 0.084375
8 0.75703125 0.2109375 0.2125 0.096875
11 0.3984375 0.44765625 0.075 0.0625
28 0.51796875 0.45234375 0.225 0.0734375
23 0.73359375 0.45703125 0.1640625 0.0640625