1 0.4234375 0.590625 0.1671875 0.0984375
8 0.7484375 0.60703125 0.2140625 0.103125
29 0.5578125 0.60546875 0.15 0.0875
23 0.4796875 0.865625 0.14375 0.0765625
5 0.353125 0.9 0.175 0.1203125
25 0.3796875 0.18671875 0.2578125 0.1171875
14 0.69765625 0.2203125 0.1203125 0.05625
19 0.79921875 0.22890625 0.121875 0.04375
24 0.578125 0.23046875 0.128125 0.03125
18 0.3578125 0.42109375 0.0640625 0.103125
26 0.584375 0.43984375 0.1359375 0.078125
0 0.71328125 0.4578125 0.1640625 0.0734375
7 0.40859375 0.45234375 0.1265625 0.059375