8 0.73125 0.58046875 0.2109375 0.0953125
7 0.37734375 0.60625 0.11875 0.0703125
23 0.553125 0.6 0.1609375 0.090625
13 0.6078125 0.846875 0.1609375 0.09375
0 0.7453125 0.853125 0.1734375 0.1109375
27 0.41875 0.86640625 0.1171875 0.1453125
1 0.55859375 0.909375 0.2203125 0.090625
20 0.71875 0.1609375 0.0953125 0.159375
6 0.38046875 0.2234375 0.2140625 0.0546875
3 0.56484375 0.21953125 0.1375 0.0453125
26 0.3578125 0.4609375 0.1484375 0.0921875
29 0.56484375 0.45390625 0.2140625 0.078125
19 0.7453125 0.45546875 0.1859375 0.0578125