1 0.4265625 0.59609375 0.16875 0.096875
8 0.74921875 0.6046875 0.2046875 0.09375
29 0.5578125 0.60703125 0.15625 0.084375
22 0.75546875 0.8640625 0.146875 0.11875
23 0.48046875 0.865625 0.15 0.075
5 0.365625 0.90234375 0.171875 0.125
25 0.37265625 0.18671875 0.2453125 0.1140625
14 0.690625 0.21796875 0.115625 0.05625
19 0.7953125 0.22109375 0.1359375 0.034375
24 0.565625 0.2296875 0.1375 0.028125
18 0.359375 0.41875 0.0625 0.103125
26 0.58671875 0.43984375 0.134375 0.08125
0 0.7171875 0.453125 0.1546875 0.071875
7 0.409375 0.45546875 0.128125 0.059375