13 0.39765625 0.55859375 0.1515625 0.134375
8 0.753125 0.61640625 0.2046875 0.10625
21 0.36171875 0.6046875 0.1796875 0.10625
6 0.54921875 0.61796875 0.2203125 0.08125
13 0.60390625 0.8609375 0.1484375 0.121875
1 0.77109375 0.89140625 0.171875 0.1296875
17 0.38046875 0.90078125 0.196875 0.096875
26 0.37421875 0.19375 0.1578125 0.09375
7 0.60546875 0.21875 0.0984375 0.05625
24 0.79609375 0.24609375 0.1421875 0.034375
18 0.77109375 0.45 0.0828125 0.1203125
14 0.675 0.44765625 0.0984375 0.0328125
29 0.559375 0.4484375 0.15 0.0828125
23 0.40859375 0.45234375 0.1703125 0.075
19 0.73359375 0.4703125 0.2 0.0640625