3 0.7125 0.475 0.1234375 0.046875
13 0.4125 0.5609375 0.1578125 0.1234375
8 0.753125 0.61171875 0.2046875 0.1015625
6 0.553125 0.6140625 0.228125 0.0859375
1 0.7765625 0.8859375 0.1796875 0.115625
17 0.3890625 0.90234375 0.184375 0.08125
11 0.61875 0.9234375 0.1 0.090625
23 0.41953125 0.20546875 0.1671875 0.059375
7 0.59609375 0.215625 0.0828125 0.0546875
14 0.72578125 0.2296875 0.1171875 0.0625
19 0.8125 0.23828125 0.1375 0.05
25 0.409375 0.40546875 0.259375 0.1796875
29 0.57109375 0.446875 0.14375 0.084375