27 0.7390625 0.56875 0.1109375 0.134375
13 0.33984375 0.57890625 0.1109375 0.128125
22 0.45625 0.60078125 0.1515625 0.1046875
29 0.60703125 0.61328125 0.1546875 0.0875
11 0.74921875 0.62265625 0.08125 0.0671875
5 0.6796875 0.83359375 0.1546875 0.1046875
18 0.3296875 0.840625 0.059375 0.1
1 0.54921875 0.8796875 0.1796875 0.0984375
17 0.3796875 0.93671875 0.2328125 0.096875
20 0.52421875 0.16328125 0.1109375 0.190625
27 0.3796875 0.17734375 0.125 0.1296875
3 0.740625 0.2265625 0.153125 0.04375
28 0.5125 0.45078125 0.2078125 0.0875
23 0.73046875 0.45625 0.171875 0.06875
14 0.3546875 0.45625 0.09375 0.05625