21 0.3953125 0.58984375 0.1421875 0.0828125
7 0.58046875 0.5984375 0.1390625 0.0734375
28 0.76171875 0.6046875 0.171875 0.0953125
25 0.72421875 0.8265625 0.215625 0.171875
4 0.3453125 0.8546875 0.1265625 0.1234375
2 0.51796875 0.8859375 0.259375 0.1265625
11 0.36953125 0.20859375 0.0984375 0.071875
23 0.48125 0.21328125 0.184375 0.06875
1 0.76640625 0.22578125 0.1578125 0.065625
24 0.64453125 0.2375 0.1625 0.034375
18 0.7953125 0.44296875 0.0703125 0.1140625
29 0.6328125 0.4515625 0.2140625 0.096875