13 0.40390625 0.55859375 0.15625 0.134375
26 0.359375 0.6015625 0.1484375 0.09375
8 0.75859375 0.60390625 0.19375 0.0984375
6 0.553125 0.61015625 0.228125 0.0765625
1 0.78984375 0.8703125 0.1765625 0.1265625
17 0.4125 0.90703125 0.20625 0.0890625
11 0.63828125 0.91171875 0.084375 0.075
18 0.64921875 0.1859375 0.075 0.1171875
5 0.38203125 0.2015625 0.196875 0.0984375
7 0.58515625 0.2109375 0.109375 0.05625
3 0.74921875 0.22109375 0.1328125 0.028125
29 0.5546875 0.44375 0.1546875 0.075
2 0.3734375 0.46328125 0.2 0.0625
28 0.71328125 0.45859375 0.2609375 0.0765625