5 0.62890625 0.57890625 0.171875 0.084375
27 0.790625 0.5953125 0.125 0.146875
1 0.44140625 0.5859375 0.2 0.078125
21 0.67109375 0.60078125 0.184375 0.0921875
3 0.5234375 0.6265625 0.1203125 0.0546875
20 0.75 0.82734375 0.1046875 0.1640625
20 0.66171875 0.82421875 0.1 0.1625
15 0.39453125 0.8625 0.2078125 0.125
24 0.5515625 0.8765625 0.109375 0.0609375
23 0.78359375 0.93984375 0.1984375 0.1171875
17 0.5515625 0.9515625 0.2 0.09375
22 0.8015625 0.20703125 0.128125 0.0953125
25 0.3890625 0.19375 0.2625 0.090625
6 0.48203125 0.2140625 0.2171875 0.06875
29 0.6625 0.2203125 0.1609375 0.06875
26 0.3765625 0.4375 0.1390625 0.0875
7 0.725 0.46328125 0.1484375 0.0578125
14 0.6015625 0.46484375 0.1015625 0.0625