10 0.396875 0.46875 0.1203125 0.0375
23 0.4875 0.58203125 0.1546875 0.08125
28 0.76015625 0.60390625 0.18125 0.1
21 0.58515625 0.6046875 0.159375 0.0828125
7 0.4171875 0.60234375 0.1265625 0.0671875
26 0.521875 0.8515625 0.15 0.096875
15 0.70625 0.87890625 0.259375 0.1125
4 0.3828125 0.8703125 0.1359375 0.0921875
13 0.80703125 0.20390625 0.109375 0.115625
24 0.6890625 0.23515625 0.140625 0.0328125
18 0.75 0.4296875 0.0609375 0.1046875
11 0.578125 0.4484375 0.078125 0.0703125
25 0.70390625 0.46015625 0.284375 0.078125