2 0.775 0.46328125 0.2125 0.05625
22 0.3703125 0.58515625 0.1515625 0.109375
25 0.52265625 0.59921875 0.2671875 0.0921875
15 0.7640625 0.59453125 0.2453125 0.1
21 0.58515625 0.8515625 0.1984375 0.1
18 0.725 0.8640625 0.0640625 0.0984375
23 0.39453125 0.89375 0.171875 0.1140625
28 0.6921875 0.9203125 0.3484375 0.1390625
26 0.7546875 0.20078125 0.1484375 0.06875
19 0.375 0.2234375 0.1359375 0.0421875
3 0.571875 0.2203125 0.1421875 0.04375
29 0.559375 0.44140625 0.165625 0.0796875
7 0.39921875 0.453125 0.14375 0.0625