27 0.74375 0.56171875 0.1171875 0.134375
13 0.340625 0.5890625 0.1265625 0.109375
22 0.46171875 0.60234375 0.1546875 0.103125
29 0.61484375 0.60625 0.15 0.0890625
11 0.75625 0.61328125 0.08125 0.0671875
5 0.69375 0.8265625 0.1546875 0.1015625
1 0.5671875 0.878125 0.1765625 0.1
2 0.38828125 0.88984375 0.1859375 0.0984375
6 0.76953125 0.89609375 0.2171875 0.1125
20 0.521875 0.15859375 0.1078125 0.18125
27 0.371875 0.18203125 0.128125 0.1265625
3 0.7359375 0.21953125 0.1546875 0.04375
28 0.51640625 0.45 0.2109375 0.0765625
23 0.73515625 0.44921875 0.165625 0.0734375
14 0.35546875 0.46171875 0.09375 0.05625