3 0.7125 0.471875 0.1234375 0.04375
13 0.4140625 0.5625 0.15625 0.1203125
8 0.75546875 0.6078125 0.203125 0.0984375
6 0.5546875 0.61328125 0.2265625 0.08125
1 0.78359375 0.88046875 0.178125 0.1125
17 0.39609375 0.9046875 0.1828125 0.078125
11 0.6265625 0.92109375 0.0984375 0.0890625
23 0.41484375 0.20703125 0.1671875 0.05625
7 0.590625 0.2140625 0.0828125 0.053125
14 0.72109375 0.22578125 0.1171875 0.0609375
19 0.8078125 0.2328125 0.1375 0.046875
25 0.4078125 0.40703125 0.25625 0.175
29 0.5703125 0.44609375 0.1421875 0.08125