10 0.3796875 0.46796875 0.134375 0.0390625
8 0.5921875 0.59609375 0.2 0.1203125
16 0.7640625 0.61171875 0.2015625 0.0703125
9 0.39921875 0.6046875 0.1828125 0.0734375
23 0.56015625 0.8921875 0.1359375 0.0875
24 0.71484375 0.90234375 0.146875 0.078125
2 0.3828125 0.89296875 0.1984375 0.115625
27 0.7921875 0.18515625 0.1140625 0.140625
1 0.59765625 0.20390625 0.159375 0.0921875
26 0.42890625 0.2078125 0.1484375 0.071875
12 0.5640625 0.45546875 0.1609375 0.065625
6 0.765625 0.46796875 0.1671875 0.0671875