3 0.71484375 0.471875 0.1140625 0.046875
13 0.40703125 0.56171875 0.165625 0.11875
8 0.75859375 0.60703125 0.2015625 0.103125
6 0.55 0.6171875 0.2203125 0.0796875
1 0.778125 0.8796875 0.1796875 0.1203125
17 0.41796875 0.90390625 0.19375 0.0859375
11 0.6296875 0.91796875 0.090625 0.0765625
23 0.4015625 0.2078125 0.1875 0.078125
7 0.5890625 0.2140625 0.0875 0.0546875
14 0.71328125 0.225 0.0921875 0.053125
19 0.803125 0.2296875 0.146875 0.0453125
5 0.40234375 0.42265625 0.171875 0.059375
29 0.56640625 0.4453125 0.1421875 0.0765625
28 0.4078125 0.4546875 0.2828125 0.0828125