10 0.41640625 0.47734375 0.240625 0.03125
28 0.76640625 0.59453125 0.1828125 0.09375
21 0.59609375 0.5984375 0.140625 0.075
7 0.425 0.60546875 0.13125 0.059375
15 0.77421875 0.85625 0.15 0.1484375
26 0.5484375 0.86015625 0.15625 0.09375
4 0.4078125 0.8703125 0.128125 0.084375
13 0.79609375 0.19140625 0.1625 0.1046875
24 0.64296875 0.23046875 0.178125 0.0265625
18 0.74765625 0.41953125 0.0625 0.1
23 0.4578125 0.43828125 0.184375 0.065625
11 0.58125 0.44921875 0.078125 0.075
25 0.7015625 0.453125 0.3 0.065625