13 0.40859375 0.55859375 0.159375 0.128125
8 0.75390625 0.61015625 0.2109375 0.1015625
6 0.5515625 0.6140625 0.2265625 0.0828125
14 0.35703125 0.60859375 0.0984375 0.065625
1 0.775 0.8859375 0.1828125 0.1375
17 0.39609375 0.90234375 0.184375 0.084375
11 0.6171875 0.92265625 0.08125 0.08125
7 0.59921875 0.215625 0.0953125 0.0578125
3 0.76640625 0.23828125 0.13125 0.0296875
5 0.40625 0.4171875 0.1625 0.0625
18 0.70859375 0.4390625 0.0671875 0.1078125
29 0.5671875 0.44609375 0.1453125 0.08125
23 0.428125 0.4625 0.2578125 0.0671875