27 0.74921875 0.5640625 0.10625 0.134375
13 0.33671875 0.58125 0.121875 0.1171875
25 0.521875 0.60234375 0.309375 0.1
20 0.63984375 0.81640625 0.0921875 0.1609375
11 0.33828125 0.86953125 0.071875 0.06875
18 0.35859375 0.89140625 0.059375 0.109375
7 0.5984375 0.9125 0.13125 0.090625
13 0.33828125 0.1734375 0.15625 0.146875
5 0.49375 0.203125 0.1953125 0.078125
0 0.615625 0.21171875 0.2796875 0.06875
29 0.784375 0.21953125 0.096875 0.053125
26 0.3875 0.4484375 0.1421875 0.075
19 0.69765625 0.45625 0.2 0.046875
6 0.54375 0.4609375 0.1953125 0.0703125