22 0.36796875 0.5890625 0.14375 0.0984375
5 0.5171875 0.5921875 0.1765625 0.096875
7 0.690625 0.5984375 0.1421875 0.0609375
1 0.36796875 0.87734375 0.1671875 0.0875
19 0.78046875 0.87734375 0.1515625 0.0796875
6 0.51015625 0.88984375 0.1234375 0.0953125
6 0.6671875 0.89375 0.084375 0.0796875
8 0.75390625 0.1984375 0.2203125 0.0828125
3 0.3453125 0.2265625 0.1296875 0.0375
24 0.50859375 0.2265625 0.1359375 0.03125
26 0.3703125 0.4390625 0.1375 0.0875
14 0.67734375 0.45078125 0.1078125 0.0625
11 0.7859375 0.45078125 0.08125 0.0671875
23 0.521875 0.46328125 0.16875 0.06875