13 0.40234375 0.55546875 0.15625 0.134375
26 0.35625 0.596875 0.1484375 0.09375
8 0.75546875 0.61328125 0.19375 0.0984375
6 0.55 0.61171875 0.228125 0.0765625
1 0.77734375 0.8796875 0.1765625 0.1265625
17 0.3984375 0.90390625 0.20625 0.0890625
11 0.62421875 0.91640625 0.084375 0.075
18 0.66015625 0.19140625 0.075 0.1171875
5 0.39296875 0.19765625 0.196875 0.0984375
7 0.59453125 0.2140625 0.109375 0.05625
3 0.75859375 0.23046875 0.1328125 0.028125
29 0.55625 0.4453125 0.1546875 0.075
2 0.375 0.45859375 0.2 0.0625
28 0.71484375 0.46640625 0.2609375 0.0765625