27 0.7421875 0.55625 0.1140625 0.1359375
13 0.34453125 0.5875 0.1140625 0.1296875
22 0.46171875 0.603125 0.153125 0.10625
29 0.61328125 0.6078125 0.15625 0.090625
11 0.75546875 0.609375 0.08125 0.06875
5 0.696875 0.8234375 0.15625 0.10625
18 0.34765625 0.84921875 0.0609375 0.1015625
1 0.56875 0.8765625 0.18125 0.1015625
17 0.403125 0.94296875 0.234375 0.1015625
20 0.50625 0.1625 0.1140625 0.1921875
27 0.36328125 0.184375 0.128125 0.1328125
3 0.72578125 0.21484375 0.153125 0.0453125
28 0.51015625 0.45078125 0.209375 0.090625
23 0.728125 0.44453125 0.171875 0.071875
14 0.35234375 0.4640625 0.09375 0.0578125