28 0.56328125 0.57734375 0.284375 0.084375
26 0.39296875 0.60625 0.175 0.078125
22 0.4125 0.86640625 0.1921875 0.1
9 0.77421875 0.88984375 0.209375 0.1125
4 0.62734375 0.89140625 0.1421875 0.0875
13 0.44921875 0.18203125 0.128125 0.1265625
15 0.61171875 0.2140625 0.159375 0.078125
11 0.36875 0.21484375 0.0875 0.0625
0 0.79140625 0.21875 0.109375 0.0703125
20 0.41640625 0.3984375 0.0890625 0.15625
7 0.753125 0.44453125 0.071875 0.0546875
12 0.38125 0.4609375 0.1109375 0.0625
16 0.5546875 0.465625 0.190625 0.053125