21 0.4015625 0.596875 0.1421875 0.0828125
7 0.58671875 0.5921875 0.1390625 0.0734375
28 0.76796875 0.5859375 0.171875 0.0953125
25 0.74609375 0.81015625 0.215625 0.171875
4 0.3703125 0.86484375 0.1265625 0.1234375
2 0.54453125 0.88359375 0.259375 0.1265625
11 0.34921875 0.21875 0.0984375 0.071875
23 0.4609375 0.215625 0.184375 0.06875
1 0.746875 0.2078125 0.1578125 0.065625
24 0.62578125 0.228125 0.1625 0.034375
18 0.790625 0.42265625 0.0703125 0.1140625
29 0.6296875 0.4421875 0.2140625 0.096875