13 0.40859375 0.553125 0.1578125 0.1234375
8 0.7484375 0.61328125 0.2 0.096875
21 0.36328125 0.60234375 0.1859375 0.103125
6 0.54609375 0.615625 0.2234375 0.0859375
1 0.77109375 0.8859375 0.18125 0.1296875
17 0.39921875 0.903125 0.1875 0.096875
11 0.61875 0.91953125 0.0859375 0.075
26 0.3703125 0.196875 0.1640625 0.0890625
7 0.59921875 0.2140625 0.1078125 0.0546875
24 0.784375 0.2421875 0.1359375 0.0296875
29 0.54296875 0.44609375 0.134375 0.08125
5 0.64765625 0.4578125 0.1671875 0.0890625
19 0.759375 0.4640625 0.1640625 0.053125
2 0.37890625 0.46171875 0.190625 0.0625