7 0.45078125 0.59140625 0.090625 0.05625
23 0.78203125 0.61953125 0.19375 0.078125
24 0.6015625 0.61484375 0.1421875 0.0609375
12 0.39453125 0.8625 0.1109375 0.0796875
9 0.7484375 0.884375 0.165625 0.0890625
6 0.54921875 0.88984375 0.1140625 0.0921875
5 0.61484375 0.20859375 0.2015625 0.090625
15 0.4359375 0.20390625 0.2265625 0.0703125
21 0.80859375 0.2265625 0.1703125 0.075
27 0.63046875 0.41875 0.1203125 0.134375
29 0.4359375 0.44296875 0.140625 0.06875
11 0.7640625 0.4640625 0.0859375 0.065625