27 0.7484375 0.56875 0.1078125 0.1359375
13 0.33515625 0.578125 0.1234375 0.11875
25 0.5203125 0.60234375 0.3109375 0.1046875
20 0.634375 0.81875 0.0953125 0.1625
11 0.33203125 0.86640625 0.0734375 0.06875
18 0.3515625 0.8890625 0.0609375 0.1109375
7 0.59140625 0.9140625 0.1328125 0.0921875
13 0.34375 0.1703125 0.159375 0.1484375
5 0.49921875 0.203125 0.196875 0.08125
0 0.6203125 0.2140625 0.28125 0.075
29 0.7890625 0.22421875 0.0984375 0.0546875
26 0.38828125 0.44609375 0.14375 0.078125
19 0.6984375 0.459375 0.2015625 0.05
6 0.54453125 0.46171875 0.196875 0.0734375