27 0.75234375 0.55078125 0.1125 0.1390625
13 0.34140625 0.58984375 0.128125 0.1234375
25 0.52734375 0.60078125 0.3140625 0.115625
20 0.65625 0.80859375 0.1 0.165625
11 0.3578125 0.87734375 0.0765625 0.071875
18 0.37890625 0.8984375 0.065625 0.1125
7 0.61953125 0.90703125 0.1359375 0.096875
13 0.32109375 0.18203125 0.1640625 0.1546875
5 0.478125 0.20390625 0.1984375 0.0875
0 0.6 0.20625 0.2828125 0.084375
29 0.76953125 0.2046875 0.1 0.0578125
26 0.38515625 0.4546875 0.1453125 0.0828125
19 0.6953125 0.44609375 0.203125 0.05625
6 0.54140625 0.45859375 0.1984375 0.0796875