18 0.46875 0.56953125 0.0609375 0.1234375
8 0.753125 0.5953125 0.2078125 0.10625
3 0.37734375 0.62890625 0.1421875 0.0546875
25 0.80078125 0.84453125 0.1609375 0.2265625
15 0.52734375 0.87421875 0.2 0.1109375
17 0.42421875 0.90546875 0.2125 0.0859375
26 0.3609375 0.2078125 0.1671875 0.0921875
7 0.57109375 0.21015625 0.08125 0.05
14 0.70390625 0.21015625 0.0953125 0.05625
19 0.7875 0.2125 0.1546875 0.040625
5 0.3984375 0.42578125 0.1796875 0.071875
29 0.5640625 0.44453125 0.14375 0.0734375
23 0.7484375 0.44765625 0.1765625 0.071875
28 0.40546875 0.46328125 0.2875 0.0875