5 0.62578125 0.5484375 0.15625 0.0609375
26 0.41015625 0.5828125 0.140625 0.065625
27 0.79296875 0.56640625 0.1234375 0.1421875
21 0.64453125 0.58984375 0.203125 0.1078125
3 0.43828125 0.63046875 0.1515625 0.0640625
20 0.68828125 0.8109375 0.09375 0.1625
20 0.7734375 0.80703125 0.0953125 0.1703125
15 0.4203125 0.86328125 0.190625 0.1203125
24 0.5765625 0.85703125 0.1140625 0.053125
8 0.79296875 0.91484375 0.2125 0.1359375
23 0.571875 0.92890625 0.165625 0.1140625
1 0.39140625 0.94921875 0.1921875 0.1
25 0.35546875 0.18359375 0.26875 0.1484375
22 0.77578125 0.1828125 0.1390625 0.0953125
29 0.6375 0.20625 0.1578125 0.0703125
6 0.45390625 0.21875 0.2125 0.0625
0 0.40234375 0.4515625 0.1796875 0.0796875
7 0.71875 0.44296875 0.153125 0.065625
14 0.59921875 0.45703125 0.1015625 0.0625