10 0.575 0.4703125 0.13125 0.0359375
13 0.434375 0.5765625 0.1265625 0.121875
9 0.5890625 0.60234375 0.165625 0.0609375
7 0.7765625 0.59375 0.153125 0.059375
27 0.80234375 0.83984375 0.1234375 0.1390625
15 0.684375 0.85546875 0.153125 0.121875
6 0.5328125 0.86875 0.1484375 0.0953125
26 0.4046875 0.8796875 0.1328125 0.1015625
21 0.44609375 0.20859375 0.1671875 0.0765625
23 0.77421875 0.2 0.146875 0.0609375
29 0.57421875 0.2109375 0.1328125 0.0609375
20 0.68515625 0.38828125 0.0875 0.1546875
11 0.765625 0.4296875 0.071875 0.0625
12 0.415625 0.45859375 0.1078125 0.0546875