10 0.5765625 0.4765625 0.165625 0.0359375
26 0.79296875 0.60625 0.1328125 0.084375
7 0.425 0.6015625 0.1453125 0.059375
9 0.64765625 0.615625 0.1640625 0.0578125
27 0.79375 0.8390625 0.1015625 0.1421875
13 0.35859375 0.8421875 0.0984375 0.121875
15 0.51328125 0.86796875 0.2109375 0.1
6 0.69609375 0.884375 0.128125 0.1046875
21 0.471875 0.20546875 0.165625 0.0734375
23 0.8 0.225 0.1453125 0.059375
29 0.59921875 0.21796875 0.13125 0.0578125
20 0.4671875 0.396875 0.0859375 0.153125
5 0.7578125 0.44375 0.159375 0.084375
11 0.64375 0.45 0.071875 0.0625
12 0.41953125 0.45078125 0.10625 0.053125