6 0.62578125 0.47109375 0.1125 0.0375
5 0.71328125 0.5828125 0.1765625 0.0953125
1 0.5515625 0.6015625 0.2125 0.096875
11 0.3546875 0.60859375 0.08125 0.065625
22 0.765625 0.86796875 0.1421875 0.11875
28 0.58515625 0.8859375 0.1421875 0.1359375
23 0.3796875 0.890625 0.175 0.1171875
25 0.3515625 0.1625 0.1875 0.171875
7 0.5125 0.21640625 0.0921875 0.046875
14 0.79765625 0.21328125 0.1109375 0.0484375
24 0.67109375 0.22734375 0.1375 0.028125
15 0.7859375 0.41484375 0.1546875 0.1421875
18 0.3390625 0.43828125 0.0625 0.115625
26 0.57265625 0.440625 0.1234375 0.09375
29 0.44453125 0.44921875 0.1578125 0.0671875
6 0.746875 0.4546875 0.134375 0.0703125