26 0.38359375 0.5796875 0.1265625 0.0890625
8 0.759375 0.59375 0.1984375 0.1015625
6 0.5515625 0.6109375 0.2359375 0.0890625
1 0.796875 0.8671875 0.175 0.1375
17 0.41484375 0.9078125 0.1890625 0.0875
11 0.653125 0.9125 0.090625 0.08125
7 0.57578125 0.21015625 0.0875 0.0546875
23 0.3921875 0.21796875 0.1953125 0.065625
14 0.7046875 0.21328125 0.1125 0.05
19 0.79453125 0.2125 0.1265625 0.04375
5 0.39609375 0.4234375 0.1796875 0.0640625
18 0.74921875 0.4234375 0.0703125 0.125
29 0.5640625 0.44453125 0.1328125 0.0796875
28 0.40546875 0.46328125 0.2796875 0.078125