8 0.4359375 0.590625 0.190625 0.078125
9 0.7875 0.60625 0.165625 0.05
4 0.63125 0.61171875 0.153125 0.0640625
15 0.64765625 0.83515625 0.184375 0.10625
13 0.49375 0.8375 0.1015625 0.125
29 0.7828125 0.9140625 0.1515625 0.071875
23 0.79375 0.21796875 0.153125 0.05625
12 0.44296875 0.221875 0.1484375 0.046875
24 0.66640625 0.2265625 0.15 0.034375
20 0.73671875 0.396875 0.103125 0.15
22 0.79296875 0.43828125 0.153125 0.09375
16 0.45 0.45546875 0.196875 0.05
19 0.6484375 0.45859375 0.1296875 0.0484375