23 0.5078125 0.59140625 0.2484375 0.075
11 0.34609375 0.5984375 0.0796875 0.0671875
6 0.73515625 0.63203125 0.234375 0.0765625
20 0.6046875 0.8234375 0.0953125 0.15625
20 0.6140625 0.85078125 0.1015625 0.1640625
26 0.46640625 0.86640625 0.1640625 0.103125
19 0.33515625 0.87421875 0.1234375 0.0859375
27 0.39765625 0.16953125 0.1109375 0.1375
13 0.80859375 0.2046875 0.1203125 0.1171875
29 0.55 0.2171875 0.178125 0.0703125
25 0.41640625 0.44140625 0.2796875 0.1
2 0.6921875 0.471875 0.1953125 0.0609375