0 0.40234375 0.5984375 0.1796875 0.0765625
4 0.53828125 0.6109375 0.1859375 0.071875
10 0.74375 0.6125 0.1296875 0.053125
7 0.41328125 0.865625 0.1390625 0.065625
26 0.60859375 0.8625 0.13125 0.0875
9 0.78125 0.89765625 0.2109375 0.1140625
27 0.76953125 0.16484375 0.1265625 0.1390625
29 0.371875 0.21171875 0.1734375 0.0734375
12 0.5828125 0.2140625 0.165625 0.0546875
25 0.3921875 0.41640625 0.203125 0.146875
22 0.74921875 0.42265625 0.19375 0.109375
18 0.5171875 0.43046875 0.071875 0.115625
28 0.60703125 0.44296875 0.1453125 0.0875