8 0.7265625 0.5828125 0.21875 0.103125
5 0.38984375 0.5953125 0.1703125 0.1
23 0.5359375 0.5984375 0.1734375 0.08125
20 0.60546875 0.82265625 0.1125 0.1671875
13 0.4015625 0.86796875 0.15 0.1515625
0 0.75078125 0.859375 0.171875 0.1015625
20 0.7203125 0.15390625 0.0953125 0.14375
27 0.33671875 0.18125 0.1078125 0.1328125
1 0.734375 0.2078125 0.2125 0.0671875
6 0.49375 0.21953125 0.2234375 0.0625
28 0.790625 0.43984375 0.1171875 0.0828125
28 0.6875 0.4453125 0.08125 0.05
7 0.3671875 0.45625 0.0890625 0.0671875
17 0.56171875 0.4625 0.2484375 0.0484375