6 0.61796875 0.46875 0.1078125 0.0390625
13 0.4296875 0.57265625 0.1484375 0.1296875
5 0.58046875 0.57109375 0.1515625 0.0953125
11 0.77109375 0.57890625 0.0671875 0.0640625
21 0.6546875 0.5921875 0.2125 0.09375
24 0.4109375 0.6265625 0.171875 0.0359375
14 0.8234375 0.61328125 0.1171875 0.0625
20 0.771875 0.81796875 0.0984375 0.1609375
3 0.56328125 0.828125 0.10625 0.0609375
23 0.415625 0.85234375 0.146875 0.090625
20 0.81796875 0.8421875 0.103125 0.175
27 0.684375 0.85625 0.1109375 0.1421875
16 0.5390625 0.90546875 0.171875 0.0859375
1 0.790625 0.909375 0.2109375 0.1265625
19 0.37890625 0.9296875 0.1453125 0.084375
25 0.33125 0.1640625 0.1703125 0.1765625
27 0.77109375 0.1671875 0.1046875 0.1296875
22 0.65859375 0.175 0.109375 0.0484375
18 0.8203125 0.17421875 0.06875 0.1125
28 0.6546875 0.203125 0.2484375 0.0875
29 0.47578125 0.21796875 0.15625 0.0578125
15 0.7765625 0.4078125 0.1578125 0.1453125
0 0.40078125 0.4421875 0.16875 0.0625
26 0.56484375 0.43671875 0.1328125 0.0765625
7 0.42109375 0.45703125 0.1515625 0.0625
6 0.74375 0.45 0.1375 0.06875