7 0.53984375 0.59765625 0.1296875 0.0734375
4 0.746875 0.61953125 0.153125 0.0734375
6 0.3578125 0.609375 0.1375 0.0625
26 0.53671875 0.8703125 0.1375 0.0875
28 0.765625 0.89375 0.1703125 0.1328125
0 0.38046875 0.87890625 0.1796875 0.1015625
20 0.6640625 0.17265625 0.115625 0.1640625
5 0.825 0.21484375 0.203125 0.103125
11 0.48359375 0.21796875 0.078125 0.0515625
3 0.38515625 0.2140625 0.1296875 0.0484375
27 0.396875 0.4078125 0.128125 0.1421875
25 0.59609375 0.4265625 0.290625 0.1078125
16 0.74921875 0.475 0.2953125 0.0640625