5 0.62109375 0.55859375 0.15625 0.0578125
26 0.40390625 0.575 0.1390625 0.0640625
27 0.7859375 0.5921875 0.121875 0.140625
21 0.63671875 0.60234375 0.2015625 0.1046875
3 0.4265625 0.625 0.1515625 0.0609375
20 0.6609375 0.82578125 0.090625 0.1609375
20 0.7453125 0.8296875 0.0921875 0.16875
15 0.3890625 0.8546875 0.1875 0.1171875
24 0.5453125 0.8625 0.1140625 0.05
8 0.75625 0.93515625 0.2125 0.1265625
23 0.534375 0.93359375 0.1640625 0.1125
1 0.35234375 0.93828125 0.190625 0.096875
25 0.38359375 0.17265625 0.2671875 0.14375
22 0.80234375 0.2078125 0.1375 0.0921875
29 0.6625 0.21953125 0.1578125 0.0671875
6 0.47890625 0.215625 0.2125 0.059375
0 0.40625 0.44375 0.178125 0.0765625
7 0.72265625 0.4625 0.1515625 0.0640625
14 0.603125 0.46640625 0.1015625 0.0609375