15 0.728125 0.46015625 0.309375 0.071875
22 0.7109375 0.56796875 0.1453125 0.0890625
2 0.3796875 0.6140625 0.1359375 0.053125
24 0.58203125 0.625 0.16875 0.0625
29 0.4171875 0.88828125 0.1578125 0.1046875
8 0.7625 0.87734375 0.2015625 0.1234375
7 0.5859375 0.88359375 0.103125 0.0859375
5 0.74921875 0.196875 0.1765625 0.0734375
25 0.59765625 0.20234375 0.3109375 0.0796875
3 0.36328125 0.22734375 0.146875 0.0515625
26 0.50390625 0.4421875 0.1578125 0.0859375
21 0.359375 0.45234375 0.1703125 0.0890625