22 0.71171875 0.57109375 0.1609375 0.0859375
2 0.37421875 0.60390625 0.15625 0.046875
24 0.5796875 0.628125 0.16875 0.059375
29 0.40625 0.88359375 0.159375 0.0984375
8 0.74765625 0.88046875 0.1984375 0.1171875
7 0.57421875 0.88359375 0.10625 0.0875
5 0.72734375 0.19375 0.15 0.078125
25 0.596875 0.20234375 0.2953125 0.0875
11 0.80625 0.20546875 0.0875 0.0640625
3 0.36015625 0.22421875 0.1625 0.0453125
26 0.49921875 0.43828125 0.14375 0.078125
21 0.35234375 0.44765625 0.121875 0.0875
15 0.7296875 0.459375 0.2859375 0.06875