26 0.63203125 0.58203125 0.1171875 0.065625
21 0.77421875 0.590625 0.153125 0.0875
9 0.4515625 0.61171875 0.259375 0.05625
5 0.384375 0.86328125 0.1640625 0.1109375
15 0.72734375 0.871875 0.246875 0.103125
4 0.5625 0.88515625 0.1296875 0.08125
10 0.53203125 0.94609375 0.2359375 0.046875
25 0.7984375 0.16171875 0.1703125 0.1578125
12 0.665625 0.21953125 0.1109375 0.046875
16 0.43203125 0.2203125 0.2828125 0.04375
27 0.40390625 0.41484375 0.13125 0.1375
18 0.53203125 0.42109375 0.0671875 0.10625
22 0.75390625 0.4296875 0.1828125 0.096875
28 0.59140625 0.44765625 0.2234375 0.075