13 0.40859375 0.56015625 0.159375 0.13125
26 0.359375 0.6078125 0.1390625 0.0984375
8 0.75859375 0.590625 0.2046875 0.1078125
6 0.5578125 0.609375 0.2234375 0.084375
1 0.80859375 0.859375 0.1703125 0.1359375
17 0.43046875 0.90625 0.1796875 0.0921875
11 0.65625 0.91015625 0.084375 0.0828125
5 0.36796875 0.203125 0.203125 0.103125
7 0.575 0.20625 0.1125 0.05625
24 0.76484375 0.2140625 0.1359375 0.03125
29 0.553125 0.44296875 0.1578125 0.084375
14 0.665625 0.44140625 0.1046875 0.0546875
19 0.703125 0.44765625 0.2703125 0.075
2 0.375 0.4671875 0.184375 0.06875