29 0.72421875 0.59375 0.1421875 0.0828125
13 0.578125 0.59296875 0.1671875 0.10625
25 0.39921875 0.60625 0.2609375 0.0875
5 0.68203125 0.83203125 0.1515625 0.1046875
2 0.37265625 0.88515625 0.1859375 0.1
6 0.75625 0.90859375 0.1953125 0.1125
27 0.5953125 0.184375 0.1203125 0.1234375
7 0.38984375 0.20546875 0.1578125 0.05625
8 0.76015625 0.21328125 0.2109375 0.0859375
18 0.353125 0.41953125 0.059375 0.103125
21 0.71171875 0.4421875 0.1984375 0.090625
28 0.54453125 0.45 0.2234375 0.0953125
11 0.75390625 0.46640625 0.0796875 0.0640625
24 0.33828125 0.46171875 0.1359375 0.040625