22 0.3765625 0.59296875 0.146875 0.1046875
5 0.5296875 0.59140625 0.1734375 0.10625
7 0.7015625 0.5921875 0.146875 0.06875
19 0.73671875 0.86015625 0.0625 0.040625
19 0.82578125 0.8671875 0.096875 0.0859375
29 0.4203125 0.8890625 0.184375 0.0921875
0 0.628125 0.88359375 0.103125 0.1078125
0 0.76953125 0.8953125 0.0921875 0.0734375
8 0.75625 0.1875 0.23125 0.0921875
3 0.3421875 0.23203125 0.1296875 0.0390625
24 0.50625 0.22890625 0.1453125 0.046875
26 0.37109375 0.44765625 0.1375 0.0984375
14 0.68203125 0.44453125 0.103125 0.0625
11 0.79140625 0.440625 0.0828125 0.0703125
23 0.53046875 0.46328125 0.1578125 0.0765625