27 0.74296875 0.5625 0.1171875 0.1359375
13 0.33125 0.584375 0.125 0.13125
1 0.63046875 0.60625 0.1984375 0.0890625
24 0.45234375 0.62421875 0.1328125 0.046875
20 0.653125 0.8125 0.1 0.1625
18 0.33671875 0.84609375 0.053125 0.1015625
22 0.45625 0.8515625 0.190625 0.0921875
23 0.37421875 0.9203125 0.1625 0.11875
0 0.63203125 0.9203125 0.1703125 0.0875
13 0.32734375 0.178125 0.165625 0.1421875
26 0.68515625 0.20546875 0.171875 0.0734375
27 0.75546875 0.41640625 0.11875 0.1265625
25 0.55234375 0.453125 0.30625 0.0859375
11 0.325 0.46484375 0.08125 0.065625