25 0.45390625 0.5578125 0.2609375 0.1171875
11 0.74296875 0.60703125 0.08125 0.06875
4 0.59921875 0.6078125 0.14375 0.06875
6 0.3640625 0.6140625 0.13125 0.0625
26 0.63515625 0.88671875 0.146875 0.0890625
28 0.7765625 0.89296875 0.175 0.134375
0 0.38671875 0.88125 0.1859375 0.1015625
20 0.66015625 0.175 0.109375 0.159375
5 0.815625 0.21015625 0.196875 0.096875
8 0.41953125 0.1984375 0.203125 0.090625
27 0.396875 0.403125 0.11875 0.125
7 0.753125 0.45625 0.1296875 0.0640625
16 0.56328125 0.46015625 0.2484375 0.065625