22 0.36875 0.58125 0.14375 0.103125
8 0.75 0.61953125 0.209375 0.10625
3 0.540625 0.62890625 0.1265625 0.0609375
28 0.61796875 0.88203125 0.146875 0.121875
23 0.74296875 0.89453125 0.1640625 0.1140625
19 0.48671875 0.88125 0.153125 0.0953125
6 0.35546875 0.87890625 0.190625 0.13125
27 0.8140625 0.19375 0.1390625 0.1515625
26 0.67265625 0.21171875 0.16875 0.0984375
7 0.4125 0.20625 0.1140625 0.053125
15 0.4546875 0.4421875 0.253125 0.109375
29 0.58671875 0.4609375 0.18125 0.0765625
14 0.7140625 0.4671875 0.1 0.0640625
11 0.79296875 0.47421875 0.08125 0.071875