8 0.56171875 0.6 0.278125 0.090625
12 0.36953125 0.60078125 0.1140625 0.0609375
9 0.775 0.61171875 0.215625 0.0765625
2 0.6890625 0.8796875 0.2171875 0.103125
16 0.3921875 0.87890625 0.1796875 0.0984375
10 0.5203125 0.8890625 0.1046875 0.0796875
15 0.35234375 0.18671875 0.1375 0.1140625
22 0.7484375 0.20234375 0.196875 0.0921875
7 0.57578125 0.21875 0.09375 0.0453125
18 0.66171875 0.421875 0.0640625 0.103125
26 0.54296875 0.45 0.171875 0.0703125
11 0.40078125 0.45390625 0.08125 0.0671875
4 0.784375 0.4640625 0.15 0.0578125