1 0.43046875 0.58984375 0.1421875 0.0921875
8 0.7453125 0.6125 0.2140625 0.1
29 0.56171875 0.6078125 0.153125 0.09375
11 0.3421875 0.61328125 0.0875 0.0703125
22 0.7453125 0.86953125 0.15 0.1078125
23 0.42421875 0.86484375 0.228125 0.0703125
26 0.3609375 0.91953125 0.178125 0.115625
17 0.6 0.94921875 0.278125 0.0984375
7 0.5515625 0.21328125 0.0875 0.05
14 0.71875 0.22734375 0.1171875 0.065625
19 0.8140625 0.23203125 0.125 0.05625
24 0.39375 0.2265625 0.1359375 0.028125
27 0.55625 0.4125 0.10625 0.1296875
18 0.75390625 0.421875 0.078125 0.0859375
15 0.42734375 0.44375 0.26875 0.1078125
28 0.6078125 0.46875 0.109375 0.0625
6 0.765625 0.475 0.2390625 0.0671875