7 0.54609375 0.59453125 0.128125 0.06875
4 0.7546875 0.6015625 0.1515625 0.06875
6 0.36640625 0.61875 0.1359375 0.059375
26 0.5625 0.8671875 0.134375 0.0828125
28 0.7921875 0.875 0.165625 0.1265625
0 0.4078125 0.8859375 0.178125 0.0953125
20 0.640625 0.1625 0.109375 0.1609375
5 0.80390625 0.19296875 0.2 0.0953125
11 0.4640625 0.2203125 0.0765625 0.05
3 0.365625 0.22265625 0.128125 0.04375
27 0.390625 0.41484375 0.1234375 0.1375
25 0.590625 0.4203125 0.2890625 0.096875
16 0.746875 0.45703125 0.29375 0.0546875