24 0.703125 0.46796875 0.11875 0.0375
22 0.36796875 0.5859375 0.1515625 0.1078125
25 0.5375 0.603125 0.3078125 0.103125
14 0.74375 0.609375 0.10625 0.0609375
21 0.57578125 0.85078125 0.1875 0.0828125
13 0.5890625 0.871875 0.15 0.1546875
11 0.71796875 0.89375 0.0765625 0.0734375
15 0.37421875 0.92421875 0.209375 0.1234375
27 0.36640625 0.1796875 0.1109375 0.13125
26 0.75859375 0.2078125 0.1421875 0.0734375
1 0.57890625 0.2125 0.1953125 0.0578125
29 0.56015625 0.44140625 0.1640625 0.078125
16 0.39921875 0.46640625 0.196875 0.0640625