22 0.5 0.58828125 0.15 0.1015625
21 0.35703125 0.596875 0.1296875 0.10625
1 0.64296875 0.6265625 0.1828125 0.08125
19 0.69765625 0.88203125 0.0546875 0.040625
19 0.7875 0.9 0.090625 0.0828125
0 0.5921875 0.89375 0.109375 0.10625
25 0.4046875 0.8890625 0.278125 0.165625
0 0.72734375 0.9234375 0.0890625 0.075
6 0.6734375 0.23203125 0.1640625 0.053125
3 0.3703125 0.21796875 0.1265625 0.0484375
24 0.534375 0.23203125 0.13125 0.0390625
29 0.415625 0.44453125 0.2921875 0.096875
16 0.59140625 0.45546875 0.1296875 0.0453125
7 0.6890625 0.46640625 0.103125 0.0578125