13 0.4015625 0.55390625 0.1578125 0.1375
26 0.3546875 0.59453125 0.15 0.096875
8 0.753125 0.6171875 0.1953125 0.1015625
6 0.54765625 0.6125 0.2296875 0.08125
1 0.7703125 0.884375 0.1796875 0.1296875
17 0.39140625 0.9015625 0.2078125 0.0921875
11 0.61640625 0.91875 0.0859375 0.0765625
18 0.665625 0.19375 0.078125 0.11875
5 0.3984375 0.1953125 0.1984375 0.1015625
7 0.6 0.215625 0.109375 0.0578125
3 0.76328125 0.23515625 0.1328125 0.0296875
29 0.55703125 0.446875 0.15625 0.078125
2 0.37578125 0.45625 0.2015625 0.065625
28 0.715625 0.4703125 0.2625 0.08125