25 0.453125 0.55703125 0.2625 0.121875
11 0.74140625 0.6109375 0.0828125 0.0703125
4 0.59765625 0.609375 0.1453125 0.071875
6 0.36171875 0.61171875 0.13125 0.0640625
26 0.628125 0.8890625 0.1484375 0.090625
28 0.76953125 0.89765625 0.1765625 0.1375
0 0.3796875 0.8796875 0.1875 0.1046875
20 0.665625 0.178125 0.1125 0.1609375
5 0.82109375 0.215625 0.1984375 0.1
8 0.425 0.196875 0.2046875 0.0953125
27 0.3984375 0.4015625 0.1203125 0.1265625
7 0.75390625 0.4609375 0.1296875 0.065625
16 0.5640625 0.4609375 0.25 0.0703125