22 0.50390625 0.5875 0.14375 0.096875
21 0.3578125 0.60703125 0.153125 0.1
1 0.64765625 0.61640625 0.175 0.06875
19 0.715625 0.871875 0.0609375 0.0375
19 0.803125 0.88203125 0.084375 0.078125
0 0.6078125 0.89140625 0.1046875 0.103125
25 0.42734375 0.89765625 0.275 0.15
0 0.7453125 0.909375 0.0953125 0.06875
8 0.76484375 0.20234375 0.221875 0.08125
3 0.35390625 0.22578125 0.128125 0.0359375
24 0.51328125 0.23046875 0.14375 0.0390625
26 0.37265625 0.4328125 0.13125 0.065625
16 0.57109375 0.4546875 0.190625 0.04375
7 0.684375 0.45703125 0.109375 0.05625
6 0.34609375 0.465625 0.1765625 0.075