2 0.771875 0.453125 0.215625 0.065625
22 0.375 0.5921875 0.1609375 0.1140625
25 0.540625 0.60390625 0.3140625 0.1140625
14 0.7453125 0.60234375 0.103125 0.065625
21 0.5890625 0.853125 0.1796875 0.10625
13 0.59921875 0.87109375 0.140625 0.1546875
11 0.73125 0.88515625 0.0796875 0.0765625
15 0.39375 0.925 0.2046875 0.1359375
27 0.35625 0.1859375 0.1171875 0.134375
26 0.75234375 0.1953125 0.1484375 0.075
1 0.56875 0.21171875 0.190625 0.0671875
29 0.559375 0.440625 0.16875 0.084375
16 0.40078125 0.46875 0.196875 0.0703125