8 0.728125 0.58046875 0.215625 0.1
5 0.3890625 0.59375 0.16875 0.09375
23 0.5484375 0.59921875 0.1703125 0.0953125
20 0.61328125 0.8234375 0.0984375 0.1671875
20 0.521875 0.82734375 0.109375 0.1640625
13 0.40078125 0.8671875 0.128125 0.1546875
0 0.75546875 0.85703125 0.1765625 0.1109375
27 0.3375 0.18125 0.10625 0.134375
7 0.71015625 0.20078125 0.0921875 0.0453125
6 0.496875 0.22109375 0.228125 0.0625
28 0.67890625 0.43828125 0.0609375 0.0484375
28 0.7890625 0.4375 0.11875 0.084375
26 0.384375 0.45703125 0.1390625 0.0859375
15 0.571875 0.45859375 0.2640625 0.0734375