22 0.70859375 0.57890625 0.1609375 0.0859375
2 0.37109375 0.59921875 0.15625 0.046875
24 0.575 0.63125 0.16875 0.059375
29 0.3921875 0.88046875 0.159375 0.0984375
8 0.73359375 0.88828125 0.1984375 0.1171875
7 0.56015625 0.8859375 0.10625 0.0875
5 0.73828125 0.2015625 0.15 0.078125
25 0.6078125 0.20546875 0.2953125 0.0875
11 0.81640625 0.21640625 0.0875 0.0640625
3 0.36953125 0.21953125 0.1625 0.0453125
26 0.50078125 0.43828125 0.14375 0.078125
21 0.35390625 0.44296875 0.121875 0.0875
15 0.73125 0.4671875 0.2859375 0.06875