13 0.4078125 0.5546875 0.1625 0.1140625
8 0.74921875 0.6125 0.1984375 0.0984375
21 0.36328125 0.6 0.16875 0.0984375
6 0.5453125 0.61171875 0.2265625 0.0859375
1 0.7671875 0.88671875 0.1671875 0.128125
17 0.39296875 0.90234375 0.1875 0.0921875
11 0.61640625 0.92109375 0.0828125 0.078125
26 0.36953125 0.19609375 0.1453125 0.084375
7 0.60078125 0.215625 0.103125 0.0578125
24 0.790625 0.240625 0.1203125 0.0375
13 0.38828125 0.43203125 0.15625 0.115625
18 0.7703125 0.4453125 0.0875 0.1203125
14 0.67265625 0.44375 0.1015625 0.0328125
29 0.55390625 0.4453125 0.159375 0.0859375
19 0.7359375 0.46484375 0.2109375 0.0546875