13 0.4046875 0.55390625 0.15625 0.125
26 0.35234375 0.59765625 0.1375 0.09375
8 0.7515625 0.60859375 0.2015625 0.1
6 0.55 0.61328125 0.221875 0.0765625
1 0.7828125 0.8796875 0.165625 0.1296875
17 0.40234375 0.90078125 0.1765625 0.0859375
11 0.62734375 0.9203125 0.08125 0.0796875
5 0.3890625 0.19453125 0.2015625 0.096875
7 0.5953125 0.2125 0.1109375 0.053125
24 0.784375 0.2328125 0.134375 0.0265625
29 0.55703125 0.446875 0.1546875 0.078125
14 0.66953125 0.453125 0.103125 0.0515625
19 0.70625 0.4625 0.26875 0.065625
2 0.37734375 0.45859375 0.1828125 0.0625