2 0.77578125 0.46796875 0.2125 0.053125
22 0.36875 0.5828125 0.15 0.10625
25 0.52109375 0.59921875 0.265625 0.0875
15 0.7625 0.59921875 0.24375 0.0953125
21 0.57890625 0.853125 0.196875 0.096875
18 0.71875 0.86796875 0.0625 0.096875
23 0.3875 0.8921875 0.1703125 0.1125
28 0.68515625 0.9234375 0.346875 0.134375
26 0.76015625 0.20546875 0.146875 0.065625
19 0.3796875 0.22109375 0.134375 0.040625
3 0.5765625 0.221875 0.140625 0.040625
29 0.56015625 0.4421875 0.1640625 0.078125
7 0.4 0.4515625 0.14375 0.059375