10 0.65078125 0.47265625 0.1140625 0.0375
26 0.546875 0.58046875 0.15 0.065625
23 0.5140625 0.61015625 0.209375 0.0734375
9 0.721875 0.61875 0.221875 0.05
27 0.5890625 0.8625 0.1234375 0.1421875
15 0.75234375 0.86640625 0.221875 0.1125
24 0.434375 0.8828125 0.13125 0.0703125
13 0.79140625 0.20078125 0.1109375 0.0984375
5 0.6140625 0.20234375 0.1921875 0.0828125
12 0.46875 0.21484375 0.1203125 0.0484375
20 0.375 0.4375 0.1265625 0.0765625
21 0.7765625 0.45390625 0.1578125 0.0703125
7 0.52109375 0.45078125 0.0828125 0.0484375