3 0.35546875 0.47578125 0.125 0.05625
17 0.7484375 0.45546875 0.2578125 0.059375
21 0.36640625 0.60546875 0.15 0.1015625
7 0.54296875 0.596875 0.1421875 0.0640625
8 0.75546875 0.590625 0.2015625 0.0984375
0 0.59765625 0.85078125 0.084375 0.065625
0 0.7359375 0.85703125 0.128125 0.09375
19 0.36328125 0.8859375 0.078125 0.04375
19 0.52890625 0.88203125 0.1390625 0.0875
27 0.7578125 0.165625 0.125 0.13125
26 0.4265625 0.2109375 0.1546875 0.0828125
29 0.6046875 0.20703125 0.1671875 0.078125
15 0.46640625 0.446875 0.3125 0.0828125