24 0.340625 0.46953125 0.13125 0.04375
27 0.74140625 0.56640625 0.109375 0.13125
21 0.4546875 0.58671875 0.1359375 0.078125
13 0.334375 0.5875 0.13125 0.1125
29 0.60703125 0.61015625 0.16875 0.09375
5 0.68671875 0.83046875 0.15 0.1015625
2 0.3890625 0.8890625 0.20625 0.096875
25 0.54375 0.89140625 0.278125 0.14375
6 0.76015625 0.8984375 0.2125 0.1140625
27 0.590625 0.18359375 0.115625 0.11875
26 0.371875 0.20546875 0.178125 0.08125
8 0.7515625 0.20625 0.209375 0.09375
11 0.39765625 0.44921875 0.0734375 0.0609375
28 0.5171875 0.45234375 0.225 0.0703125
23 0.7328125 0.453125 0.1625 0.0625