10 0.39453125 0.478125 0.1203125 0.0390625
23 0.4953125 0.58203125 0.15625 0.084375
28 0.76796875 0.58046875 0.1828125 0.103125
21 0.59453125 0.596875 0.1609375 0.0859375
7 0.4265625 0.609375 0.128125 0.0703125
26 0.55234375 0.8484375 0.15 0.1
15 0.73828125 0.859375 0.2609375 0.1171875
4 0.415625 0.87890625 0.1375 0.09375
13 0.78046875 0.178125 0.1125 0.1171875
24 0.665625 0.21953125 0.140625 0.034375
18 0.74296875 0.40859375 0.0625 0.1046875
11 0.5734375 0.4421875 0.0796875 0.071875
25 0.7 0.44296875 0.2859375 0.0828125