27 0.775 0.55546875 0.1125 0.1390625
13 0.359375 0.58828125 0.14375 0.115625
1 0.53984375 0.59296875 0.178125 0.084375
14 0.715625 0.6140625 0.115625 0.0703125
20 0.67421875 0.8125 0.1015625 0.1625
11 0.37109375 0.87265625 0.0734375 0.0703125
18 0.39140625 0.89453125 0.0625 0.109375
7 0.63203125 0.9078125 0.1375 0.0921875
29 0.7515625 0.20703125 0.2015625 0.0703125
3 0.51328125 0.22265625 0.1375 0.0421875
21 0.56328125 0.44453125 0.1578125 0.1125
26 0.38515625 0.453125 0.146875 0.084375
28 0.7921875 0.4421875 0.1234375 0.075
28 0.68359375 0.44921875 0.084375 0.059375