5 0.63046875 0.571875 0.16875 0.0984375
17 0.32578125 0.58359375 0.0734375 0.146875
27 0.7953125 0.57578125 0.1203125 0.146875
1 0.44375 0.59296875 0.1859375 0.0828125
21 0.67578125 0.5859375 0.1984375 0.09375
20 0.775 0.80859375 0.0890625 0.15625
20 0.68203125 0.81484375 0.1078125 0.1671875
15 0.4109375 0.865625 0.2140625 0.128125
24 0.57890625 0.87265625 0.115625 0.065625
0 0.7609375 0.87890625 0.1984375 0.096875
25 0.36875 0.18828125 0.25 0.1296875
22 0.78046875 0.184375 0.1328125 0.1015625
29 0.64609375 0.20546875 0.1625 0.071875
6 0.4625 0.22265625 0.21875 0.0609375
8 0.41171875 0.45234375 0.2734375 0.090625
7 0.7203125 0.4484375 0.1515625 0.0640625