13 0.403125 0.5671875 0.1484375 0.1328125
8 0.76171875 0.59375 0.203125 0.1015625
21 0.37109375 0.61640625 0.178125 0.103125
6 0.559375 0.6125 0.21875 0.078125
13 0.63515625 0.85 0.146875 0.1203125
1 0.8046875 0.86640625 0.1703125 0.128125
17 0.415625 0.909375 0.1953125 0.09375
26 0.3484375 0.20625 0.15625 0.090625
7 0.58046875 0.21015625 0.0984375 0.0546875
24 0.77265625 0.221875 0.1421875 0.0328125
18 0.765625 0.4265625 0.08125 0.11875
14 0.66953125 0.43203125 0.0984375 0.03125
29 0.5546875 0.44375 0.15 0.0796875
23 0.4046875 0.46015625 0.16875 0.071875
19 0.73046875 0.45 0.2 0.059375