8 0.54453125 0.584375 0.25 0.0828125
9 0.7875 0.60625 0.165625 0.05
15 0.64765625 0.83515625 0.184375 0.10625
13 0.50390625 0.8640625 0.1296875 0.1265625
4 0.39140625 0.884375 0.1421875 0.0875
21 0.70390625 0.89375 0.15 0.0765625
23 0.53671875 0.21171875 0.19375 0.0578125
12 0.3796875 0.215625 0.115625 0.046875
24 0.79140625 0.22734375 0.175 0.034375
20 0.73671875 0.396875 0.103125 0.15
29 0.41328125 0.453125 0.153125 0.065625
7 0.8125 0.45546875 0.1375 0.05625
16 0.596875 0.4609375 0.196875 0.05