19 0.4375 0.59375 0.16875 0.096875
8 0.75078125 0.6 0.20625 0.1
27 0.665625 0.85546875 0.103125 0.1390625
23 0.49375 0.8671875 0.1296875 0.0703125
25 0.77734375 0.8953125 0.203125 0.2015625
5 0.36328125 0.9046875 0.153125 0.115625
14 0.68671875 0.21328125 0.1125 0.053125
19 0.78828125 0.21796875 0.1234375 0.0390625
24 0.5703125 0.228125 0.128125 0.0359375
18 0.35625 0.42421875 0.0609375 0.103125
26 0.58125 0.43828125 0.1453125 0.084375
0 0.715625 0.4484375 0.159375 0.078125
7 0.409375 0.4578125 0.1265625 0.0609375