27 0.74453125 0.5578125 0.11875 0.1375
13 0.3328125 0.5875 0.128125 0.1328125
1 0.6328125 0.60390625 0.2 0.0921875
24 0.4546875 0.625 0.1328125 0.0484375
20 0.65859375 0.809375 0.103125 0.1640625
18 0.3421875 0.8484375 0.0546875 0.1015625
22 0.4625 0.85234375 0.1921875 0.0953125
23 0.38203125 0.92265625 0.165625 0.121875
0 0.63984375 0.91796875 0.171875 0.090625
13 0.321875 0.18125 0.16875 0.1453125
26 0.68046875 0.20234375 0.1734375 0.0765625
27 0.75390625 0.4125 0.121875 0.128125
25 0.5515625 0.45234375 0.3078125 0.0921875
11 0.32421875 0.46796875 0.0828125 0.0671875