22 0.70625 0.5859375 0.1640625 0.0921875
2 0.3671875 0.59453125 0.1578125 0.0515625
24 0.5703125 0.63359375 0.1703125 0.065625
29 0.3796875 0.8765625 0.1625 0.103125
8 0.7203125 0.89609375 0.2015625 0.1234375
7 0.546875 0.88828125 0.109375 0.090625
5 0.7484375 0.21015625 0.153125 0.0828125
25 0.61796875 0.209375 0.2984375 0.096875
11 0.8265625 0.22734375 0.090625 0.0671875
3 0.3796875 0.21484375 0.1640625 0.05
26 0.503125 0.43828125 0.1453125 0.0828125
21 0.35625 0.4375 0.125 0.0921875
15 0.73203125 0.47578125 0.2875 0.078125