27 0.74453125 0.57265625 0.1140625 0.134375
13 0.32890625 0.57265625 0.1328125 0.1234375
24 0.58125 0.62421875 0.1140625 0.053125
20 0.62890625 0.81171875 0.09375 0.146875
18 0.3140625 0.83671875 0.05625 0.103125
2 0.58203125 0.90546875 0.2671875 0.0875
23 0.34609375 0.9171875 0.1671875 0.1265625
13 0.34609375 0.16640625 0.1609375 0.1484375
5 0.50234375 0.20234375 0.1953125 0.084375
0 0.6296875 0.2171875 0.278125 0.0796875
29 0.7875 0.22890625 0.1046875 0.05625
26 0.38984375 0.44296875 0.1359375 0.0875
19 0.69609375 0.46328125 0.2 0.0515625
6 0.540625 0.46015625 0.2 0.0703125