29 0.5609375 0.6 0.1640625 0.103125
8 0.75703125 0.59140625 0.2171875 0.103125
3 0.378125 0.628125 0.1359375 0.053125
25 0.80546875 0.8359375 0.1640625 0.2296875
21 0.66875 0.8609375 0.1453125 0.1125
7 0.56484375 0.20859375 0.0859375 0.053125
14 0.69140625 0.2078125 0.10625 0.05
19 0.78359375 0.20625 0.1296875 0.04375
18 0.7375 0.40546875 0.0640625 0.09375
5 0.3921875 0.44375 0.175 0.0953125
15 0.78359375 0.43203125 0.165625 0.0859375
6 0.6109375 0.4546875 0.19375 0.06875
28 0.3984375 0.46875 0.253125 0.084375