7 0.54140625 0.596875 0.128125 0.071875
4 0.74921875 0.61484375 0.1515625 0.071875
6 0.36015625 0.61171875 0.1375 0.0609375
26 0.54375 0.86953125 0.1359375 0.084375
28 0.77265625 0.8890625 0.1671875 0.1296875
0 0.3875 0.88046875 0.178125 0.0984375
20 0.65859375 0.1703125 0.1125 0.1625
5 0.81953125 0.209375 0.2015625 0.0984375
11 0.47890625 0.21875 0.0765625 0.0515625
3 0.38046875 0.215625 0.128125 0.046875
27 0.3953125 0.409375 0.125 0.140625
25 0.59453125 0.425 0.2890625 0.1015625
16 0.74921875 0.4703125 0.29375 0.059375