27 0.740625 0.5703125 0.1171875 0.1359375
13 0.328125 0.578125 0.125 0.13125
1 0.62734375 0.6109375 0.1984375 0.0890625
24 0.44765625 0.62265625 0.1328125 0.046875
20 0.6421875 0.8171875 0.1 0.1625
18 0.32421875 0.83984375 0.053125 0.1015625
22 0.44375 0.85 0.190625 0.0921875
23 0.36015625 0.915625 0.1625 0.11875
0 0.61796875 0.925 0.1703125 0.0875
13 0.33828125 0.171875 0.165625 0.1421875
26 0.6953125 0.21171875 0.171875 0.0734375
27 0.75859375 0.42578125 0.11875 0.1265625
25 0.55390625 0.4546875 0.30625 0.0859375
11 0.3265625 0.45859375 0.08125 0.065625