10 0.8109375 0.4609375 0.128125 0.0375
1 0.63125 0.58125 0.10625 0.090625
12 0.4640625 0.6 0.1 0.0640625
0 0.8125 0.59453125 0.1734375 0.0953125
20 0.48359375 0.83671875 0.10625 0.1640625
23 0.80703125 0.88359375 0.1453125 0.1140625
15 0.62734375 0.896875 0.225 0.1125
18 0.82578125 0.17890625 0.0765625 0.109375
29 0.67890625 0.203125 0.1578125 0.0734375
26 0.39765625 0.21484375 0.15 0.0640625
4 0.52578125 0.215625 0.1390625 0.0546875
27 0.67578125 0.40703125 0.1140625 0.1421875
25 0.4625 0.44765625 0.2640625 0.0796875