7 0.43046875 0.59609375 0.1296875 0.0578125
28 0.76484375 0.58203125 0.171875 0.1015625
21 0.60546875 0.59375 0.1453125 0.0859375
10 0.43046875 0.64140625 0.2453125 0.0484375
2 0.69609375 0.85625 0.271875 0.09375
4 0.46171875 0.871875 0.1671875 0.0859375
13 0.78203125 0.178125 0.1703125 0.11875
23 0.41953125 0.215625 0.1859375 0.0765625
24 0.6421875 0.22421875 0.18125 0.034375
18 0.74765625 0.40859375 0.065625 0.109375
11 0.5828125 0.440625 0.0828125 0.0734375
25 0.703125 0.44296875 0.29375 0.0828125
1 0.42265625 0.459375 0.215625 0.071875