21 0.78125 0.60546875 0.15 0.0984375
1 0.6390625 0.62109375 0.1765625 0.0828125
17 0.40859375 0.62109375 0.2046875 0.059375
19 0.7 0.87734375 0.059375 0.04375
19 0.79453125 0.89375 0.09375 0.08125
0 0.59921875 0.8890625 0.1046875 0.109375
25 0.41484375 0.89453125 0.271875 0.1515625
0 0.7296875 0.92109375 0.0890625 0.06875
22 0.80546875 0.2078125 0.14375 0.096875
6 0.66875 0.228125 0.1640625 0.0453125
3 0.3640625 0.21953125 0.134375 0.0421875
24 0.5265625 0.2265625 0.1296875 0.034375
8 0.4171875 0.44453125 0.278125 0.090625
7 0.68828125 0.4640625 0.10625 0.0609375