6 0.62109375 0.47734375 0.10625 0.0375
13 0.44609375 0.55 0.15 0.1125
5 0.590625 0.57734375 0.1765625 0.0921875
11 0.765625 0.5921875 0.08125 0.0609375
8 0.43828125 0.60625 0.275 0.09375
3 0.690625 0.61484375 0.14375 0.046875
20 0.76015625 0.8265625 0.1046875 0.146875
27 0.65234375 0.84765625 0.121875 0.146875
20 0.809375 0.85390625 0.096875 0.16875
28 0.35625 0.89375 0.175 0.1265625
23 0.52265625 0.91953125 0.159375 0.1109375
1 0.76015625 0.91953125 0.178125 0.11875
25 0.35078125 0.15625 0.190625 0.1890625
27 0.534375 0.1796875 0.125 0.1390625
22 0.6734375 0.19765625 0.121875 0.0875
14 0.8015625 0.21796875 0.1046875 0.04375
15 0.78515625 0.42265625 0.165625 0.1375
26 0.565625 0.434375 0.11875 0.078125
18 0.3390625 0.43671875 0.0625 0.11875
29 0.44140625 0.45078125 0.1515625 0.075
6 0.7421875 0.4625 0.134375 0.06875