25 0.45703125 0.55703125 0.259375 0.109375
11 0.74921875 0.60234375 0.075 0.0671875
4 0.6109375 0.6078125 0.1484375 0.0765625
6 0.36640625 0.615625 0.1359375 0.0640625
26 0.44609375 0.859375 0.128125 0.08125
28 0.76015625 0.89375 0.19375 0.11875
20 0.60859375 0.16796875 0.1046875 0.1625
7 0.75390625 0.2171875 0.1234375 0.046875
24 0.4171875 0.22578125 0.146875 0.0359375
27 0.3984375 0.409375 0.1140625 0.1265625
0 0.56015625 0.45078125 0.171875 0.0796875
16 0.3796875 0.4609375 0.1984375 0.0609375