7 0.52265625 0.59921875 0.1453125 0.065625
12 0.72890625 0.60703125 0.128125 0.0609375
20 0.37421875 0.596875 0.1 0.096875
25 0.428125 0.80078125 0.225 0.153125
24 0.7328125 0.8671875 0.13125 0.0703125
2 0.56640625 0.88984375 0.221875 0.1140625
23 0.3578125 0.890625 0.134375 0.090625
5 0.4 0.1953125 0.1875 0.096875
29 0.63359375 0.21484375 0.1703125 0.075
3 0.80546875 0.2296875 0.159375 0.05625
6 0.43046875 0.2265625 0.2421875 0.0375
27 0.62734375 0.4515625 0.215625 0.0859375
19 0.7765625 0.4671875 0.18125 0.0640625
16 0.4328125 0.4609375 0.196875 0.0578125