6 0.61953125 0.47265625 0.1125 0.0359375
13 0.4359375 0.5578125 0.121875 0.1125
5 0.58828125 0.56796875 0.171875 0.06875
11 0.7703125 0.59140625 0.075 0.0625
8 0.653125 0.60234375 0.2703125 0.096875
21 0.41328125 0.609375 0.20625 0.0875
20 0.7625 0.83125 0.0953125 0.165625
23 0.39765625 0.85234375 0.15625 0.084375
20 0.81015625 0.85703125 0.10625 0.18125
27 0.66953125 0.86484375 0.1296875 0.13125
16 0.52734375 0.915625 0.2 0.11875
19 0.36015625 0.92578125 0.14375 0.08125
1 0.775 0.928125 0.2046875 0.10625
25 0.33671875 0.159375 0.171875 0.1828125
27 0.78203125 0.17578125 0.1 0.11875
22 0.6703125 0.18046875 0.1109375 0.05
18 0.82890625 0.184375 0.065625 0.115625
28 0.6640625 0.21015625 0.259375 0.078125
29 0.478125 0.215625 0.14375 0.05
15 0.778125 0.41796875 0.1640625 0.1453125
26 0.56953125 0.4359375 0.121875 0.0703125
0 0.403125 0.446875 0.18125 0.0640625
6 0.746875 0.45859375 0.140625 0.06875
14 0.33359375 0.4609375 0.10625 0.059375
3 0.4640625 0.46484375 0.1375 0.0453125