26 0.39609375 0.59375 0.13125 0.084375
28 0.78046875 0.60234375 0.178125 0.078125
21 0.55703125 0.603125 0.1609375 0.0796875
4 0.40234375 0.86875 0.15 0.0890625
22 0.59609375 0.884375 0.203125 0.109375
9 0.76484375 0.8921875 0.20625 0.1078125
13 0.453125 0.18046875 0.1234375 0.128125
11 0.36953125 0.2109375 0.084375 0.0625
15 0.61484375 0.21875 0.15 0.071875
0 0.7890625 0.221875 0.1109375 0.065625
20 0.78359375 0.40078125 0.0953125 0.1515625
7 0.61640625 0.453125 0.13125 0.05625
12 0.38671875 0.459375 0.121875 0.06875