13 0.34453125 0.5890625 0.115625 0.1203125
29 0.73046875 0.58203125 0.1453125 0.0859375
21 0.46875 0.59375 0.1359375 0.0953125
5 0.6984375 0.81796875 0.153125 0.09375
2 0.3953125 0.890625 0.1921875 0.1
6 0.778125 0.89140625 0.2015625 0.1140625
25 0.5625 0.90234375 0.2703125 0.1515625
27 0.58203125 0.18125 0.121875 0.1265625
8 0.740625 0.19765625 0.2125 0.0828125
7 0.37578125 0.2109375 0.1515625 0.0640625
18 0.34921875 0.4265625 0.0578125 0.1
28 0.53984375 0.4484375 0.215625 0.084375
16 0.75703125 0.4546875 0.225 0.0671875
24 0.3390625 0.47109375 0.1171875 0.0390625