13 0.4109375 0.56171875 0.15625 0.1234375
8 0.7578125 0.6015625 0.2078125 0.09375
6 0.55546875 0.6125 0.225 0.075
14 0.3609375 0.61328125 0.096875 0.0625
1 0.78828125 0.87578125 0.178125 0.13125
17 0.41015625 0.90546875 0.18125 0.078125
11 0.63203125 0.91796875 0.078125 0.078125
7 0.5890625 0.2125 0.09375 0.053125
3 0.75703125 0.22890625 0.1296875 0.025
5 0.403125 0.4203125 0.159375 0.05625
18 0.70625 0.43203125 0.0640625 0.10625
29 0.565625 0.44375 0.14375 0.075
23 0.4265625 0.46484375 0.25625 0.059375