17 0.33203125 0.58828125 0.078125 0.1515625
1 0.40859375 0.590625 0.14375 0.0765625
21 0.7828125 0.58671875 0.1453125 0.0984375
25 0.5828125 0.59609375 0.2953125 0.128125
20 0.684375 0.81640625 0.096875 0.159375
20 0.77265625 0.8140625 0.0921875 0.1625
15 0.41328125 0.86875 0.23125 0.1203125
24 0.58046875 0.875 0.1015625 0.0640625
0 0.7578125 0.88203125 0.2 0.1
22 0.78125 0.1859375 0.1328125 0.0984375
6 0.63828125 0.215625 0.184375 0.053125
3 0.34375 0.228125 0.1265625 0.046875
8 0.4125 0.453125 0.2875 0.0890625
7 0.684375 0.45 0.1078125 0.0578125