8 0.7234375 0.590625 0.215625 0.0953125
5 0.38671875 0.59140625 0.165625 0.09375
23 0.5328125 0.6 0.1703125 0.075
20 0.59453125 0.82578125 0.10625 0.1640625
13 0.3890625 0.8640625 0.14375 0.146875
0 0.73828125 0.86796875 0.16875 0.0953125
20 0.73203125 0.16171875 0.090625 0.140625
27 0.34765625 0.17578125 0.103125 0.1296875
1 0.74453125 0.21640625 0.2109375 0.059375
6 0.50390625 0.21953125 0.221875 0.0546875
28 0.7921875 0.45 0.115625 0.078125
28 0.6890625 0.4515625 0.078125 0.046875
7 0.36875 0.4515625 0.0875 0.0640625
17 0.56328125 0.46484375 0.246875 0.0390625