13 0.5375 0.5734375 0.1375 0.1421875
3 0.68125 0.59921875 0.153125 0.0625
5 0.3703125 0.59375 0.1796875 0.1046875
0 0.76640625 0.86328125 0.09375 0.0765625
22 0.64296875 0.865625 0.1484375 0.1296875
1 0.50625 0.88125 0.2015625 0.115625
19 0.35546875 0.87578125 0.15625 0.084375
25 0.73828125 0.2125 0.2609375 0.0921875
29 0.40234375 0.20234375 0.2140625 0.09375
15 0.55546875 0.21953125 0.165625 0.0625
23 0.71015625 0.4546875 0.134375 0.0703125
7 0.62890625 0.4609375 0.1703125 0.078125
16 0.39921875 0.46015625 0.1921875 0.0609375