8 0.7265625 0.584375 0.215625 0.0953125
5 0.3875 0.5921875 0.1671875 0.090625
23 0.546875 0.6 0.16875 0.0921875
20 0.60703125 0.82578125 0.0953125 0.165625
20 0.515625 0.828125 0.10625 0.1625
13 0.39453125 0.86484375 0.1265625 0.153125
0 0.74921875 0.86171875 0.175 0.1078125
27 0.34296875 0.178125 0.103125 0.1328125
7 0.71484375 0.2046875 0.090625 0.04375
6 0.5015625 0.22109375 0.2265625 0.0578125
28 0.68046875 0.44140625 0.0609375 0.0484375
28 0.790625 0.44296875 0.1171875 0.0828125
26 0.38515625 0.45546875 0.1375 0.0828125
15 0.57265625 0.459375 0.2625 0.06875