1 0.428125 0.59453125 0.184375 0.1046875
8 0.75234375 0.5984375 0.209375 0.0984375
29 0.56015625 0.60703125 0.1515625 0.090625
23 0.49140625 0.8640625 0.146875 0.06875
5 0.37109375 0.9015625 0.175 0.109375
25 0.3703125 0.18671875 0.2609375 0.125
14 0.68828125 0.2125 0.1078125 0.0578125
19 0.7921875 0.2171875 0.1421875 0.04375
24 0.56796875 0.2265625 0.1328125 0.0328125
18 0.353125 0.42109375 0.0640625 0.103125
26 0.58046875 0.44140625 0.140625 0.0828125
0 0.71796875 0.45 0.15 0.078125
7 0.40859375 0.45625 0.1265625 0.0578125