15 0.64296875 0.5453125 0.25 0.0875
25 0.63203125 0.58359375 0.2484375 0.1078125
24 0.31953125 0.609375 0.128125 0.0484375
22 0.30859375 0.88125 0.1265625 0.1015625
3 0.46953125 0.87890625 0.1609375 0.0640625
18 0.42109375 0.2 0.0578125 0.1046875
26 0.27109375 0.2171875 0.1671875 0.084375
29 0.53125 0.2078125 0.1640625 0.0796875
1 0.65546875 0.20859375 0.1390625 0.065625
13 0.29609375 0.4453125 0.109375 0.1046875
21 0.43125 0.44453125 0.1375 0.0890625
5 0.684375 0.4359375 0.2078125 0.1078125
11 0.53046875 0.45859375 0.0828125 0.0671875