27 0.77265625 0.56484375 0.109375 0.1359375
13 0.35625 0.58359375 0.140625 0.109375
1 0.53671875 0.59453125 0.175 0.078125
14 0.71171875 0.621875 0.1140625 0.065625
20 0.66328125 0.81875 0.0953125 0.159375
11 0.3578125 0.86796875 0.071875 0.06875
18 0.37734375 0.890625 0.059375 0.1078125
7 0.61796875 0.9125 0.134375 0.0875
29 0.76171875 0.215625 0.2 0.0640625
3 0.52265625 0.2234375 0.1375 0.0375
21 0.56484375 0.446875 0.153125 0.10625
26 0.38671875 0.44921875 0.14375 0.078125
28 0.79375 0.45234375 0.121875 0.0703125
28 0.68515625 0.45546875 0.08125 0.05625