6 0.74765625 0.46640625 0.2625 0.05625
1 0.43203125 0.59296875 0.1609375 0.10625
8 0.75390625 0.603125 0.2046875 0.09375
29 0.56171875 0.60703125 0.15625 0.090625
22 0.746875 0.86171875 0.14375 0.09375
23 0.4875 0.86953125 0.15 0.075
11 0.59140625 0.8796875 0.0828125 0.05625
5 0.36484375 0.90078125 0.1609375 0.125
16 0.62890625 0.93671875 0.246875 0.065625
25 0.36875 0.1875 0.259375 0.109375
14 0.68984375 0.2171875 0.1078125 0.05
19 0.7953125 0.22265625 0.128125 0.0375
24 0.5703125 0.22734375 0.121875 0.034375
27 0.5546875 0.4140625 0.125 0.128125
18 0.35859375 0.41796875 0.0625 0.0890625
7 0.3921875 0.4546875 0.121875 0.059375