10 0.5765625 0.47578125 0.165625 0.0328125
7 0.42734375 0.60234375 0.1453125 0.0578125
29 0.67578125 0.609375 0.1484375 0.065625
27 0.8 0.834375 0.0984375 0.140625
13 0.3640625 0.84453125 0.096875 0.1203125
15 0.51953125 0.86796875 0.209375 0.0953125
6 0.703125 0.88125 0.1265625 0.1015625
23 0.79453125 0.2203125 0.1453125 0.05625
24 0.64453125 0.2296875 0.15625 0.0359375
20 0.46484375 0.39765625 0.0828125 0.1515625
5 0.76484375 0.44453125 0.1734375 0.090625
11 0.64296875 0.44765625 0.0703125 0.0609375
12 0.41875 0.45234375 0.10625 0.0515625