8 0.4328125 0.58828125 0.19375 0.084375
9 0.78359375 0.61640625 0.1671875 0.0546875
4 0.62734375 0.61640625 0.1546875 0.06875
15 0.6359375 0.83984375 0.1875 0.1140625
13 0.48203125 0.83671875 0.10625 0.128125
29 0.76796875 0.9234375 0.1546875 0.078125
23 0.803125 0.228125 0.15625 0.0609375
12 0.45234375 0.2203125 0.15 0.053125
24 0.67578125 0.2328125 0.1515625 0.0390625
20 0.73984375 0.40546875 0.1078125 0.153125
22 0.7953125 0.4484375 0.1578125 0.1
16 0.4515625 0.45390625 0.1984375 0.05625
19 0.65 0.4640625 0.13125 0.053125