1 0.428125 0.59765625 0.1703125 0.1
8 0.75078125 0.6 0.20625 0.0984375
29 0.559375 0.60625 0.1578125 0.0875
22 0.76171875 0.859375 0.1484375 0.121875
23 0.48671875 0.865625 0.15 0.0765625
5 0.37265625 0.9046875 0.175 0.128125
25 0.3671875 0.1890625 0.246875 0.11875
14 0.6859375 0.21484375 0.115625 0.059375
19 0.790625 0.215625 0.1359375 0.0375
24 0.5609375 0.22890625 0.1375 0.0296875
18 0.3578125 0.42109375 0.065625 0.103125
26 0.5859375 0.43828125 0.134375 0.0828125
0 0.71640625 0.44921875 0.15625 0.075
7 0.40859375 0.45703125 0.1296875 0.0609375