7 0.42734375 0.59375 0.128125 0.053125
28 0.76171875 0.59140625 0.16875 0.0953125
21 0.60234375 0.59765625 0.14375 0.08125
10 0.42578125 0.6390625 0.2453125 0.0390625
2 0.68359375 0.86328125 0.2703125 0.084375
4 0.4484375 0.8703125 0.1640625 0.08125
13 0.79296875 0.1875 0.1671875 0.1125
23 0.4296875 0.21328125 0.184375 0.0703125
24 0.6515625 0.2296875 0.1796875 0.0296875
18 0.75078125 0.4171875 0.0609375 0.1078125
11 0.58515625 0.44375 0.0796875 0.0703125
25 0.7046875 0.45 0.290625 0.0734375
1 0.42421875 0.45703125 0.2140625 0.0640625