3 0.809375 0.4578125 0.1375 0.059375
12 0.7390625 0.590625 0.128125 0.059375
7 0.5375 0.5984375 0.1328125 0.0671875
20 0.3875 0.60546875 0.096875 0.1
25 0.68984375 0.79921875 0.259375 0.115625
23 0.3921875 0.89375 0.1453125 0.090625
2 0.76171875 0.89375 0.2171875 0.1125
24 0.58203125 0.91015625 0.1640625 0.08125
29 0.68828125 0.21484375 0.1421875 0.05625
19 0.38984375 0.2265625 0.14375 0.0453125
6 0.54765625 0.22578125 0.2015625 0.0421875
27 0.396875 0.41640625 0.121875 0.128125
16 0.6234375 0.45703125 0.190625 0.059375