7 0.52421875 0.59921875 0.14375 0.0640625
12 0.73125 0.603125 0.128125 0.059375
20 0.37578125 0.59921875 0.0984375 0.0953125
25 0.4328125 0.80234375 0.221875 0.1484375
24 0.7390625 0.8625 0.1296875 0.06875
2 0.57265625 0.8890625 0.2203125 0.109375
23 0.36484375 0.89296875 0.1328125 0.0875
5 0.39453125 0.19765625 0.1859375 0.09375
29 0.628125 0.2125 0.1703125 0.071875
3 0.80078125 0.225 0.159375 0.053125
6 0.42578125 0.22734375 0.240625 0.0328125
27 0.6265625 0.44921875 0.2140625 0.0828125
19 0.77578125 0.4625 0.18125 0.0609375
16 0.43203125 0.46171875 0.1953125 0.0546875