15 0.65078125 0.54765625 0.2640625 0.0890625
21 0.3640625 0.58984375 0.21875 0.0921875
25 0.63359375 0.59375 0.2375 0.09375
22 0.29375 0.87421875 0.1296875 0.1015625
3 0.4546875 0.87890625 0.14375 0.0734375
16 0.68671875 0.875 0.2015625 0.10625
18 0.43203125 0.19375 0.0671875 0.1046875
26 0.28046875 0.20546875 0.1640625 0.0734375
29 0.53671875 0.209375 0.1640625 0.0796875
1 0.678125 0.2125 0.1203125 0.05625
8 0.315625 0.41875 0.2125 0.084375
5 0.68828125 0.4421875 0.1921875 0.0984375
24 0.48203125 0.45859375 0.134375 0.040625