13 0.403125 0.55703125 0.153125 0.13125
26 0.3578125 0.59921875 0.146875 0.090625
8 0.75703125 0.60859375 0.1921875 0.09375
6 0.5515625 0.6109375 0.228125 0.071875
1 0.78359375 0.875 0.175 0.125
17 0.40546875 0.90546875 0.2046875 0.084375
11 0.63125 0.9140625 0.0828125 0.0734375
18 0.6546875 0.18828125 0.0734375 0.115625
5 0.3875 0.19921875 0.1953125 0.09375
7 0.58984375 0.2125 0.1078125 0.053125
3 0.75390625 0.22578125 0.13125 0.025
29 0.55546875 0.44453125 0.153125 0.071875
2 0.37421875 0.4609375 0.2 0.059375
28 0.7140625 0.4625 0.259375 0.071875