27 0.76953125 0.56484375 0.1109375 0.13125
13 0.3546875 0.58125 0.165625 0.109375
26 0.56796875 0.59140625 0.15 0.084375
20 0.659375 0.815625 0.0921875 0.15625
11 0.35703125 0.86953125 0.071875 0.0671875
18 0.3765625 0.8921875 0.059375 0.109375
7 0.61640625 0.9140625 0.1359375 0.084375
8 0.721875 0.203125 0.21875 0.08125
3 0.52109375 0.2234375 0.140625 0.0375
13 0.39921875 0.4171875 0.159375 0.13125
21 0.575 0.4484375 0.165625 0.096875
28 0.79296875 0.45078125 0.13125 0.06875
28 0.684375 0.4546875 0.071875 0.05625