7 0.74140625 0.6015625 0.0796875 0.06875
12 0.6046875 0.59921875 0.103125 0.059375
9 0.43203125 0.60390625 0.2703125 0.078125
5 0.74140625 0.87265625 0.1671875 0.1140625
8 0.540625 0.8734375 0.2015625 0.13125
23 0.36015625 0.88359375 0.140625 0.0890625
21 0.4015625 0.203125 0.1546875 0.078125
6 0.67265625 0.23203125 0.2484375 0.0421875
10 0.5234375 0.23828125 0.121875 0.01875
20 0.4234375 0.40390625 0.1 0.171875
27 0.56796875 0.4171875 0.1015625 0.1328125
19 0.71328125 0.45625 0.259375 0.0546875