6 0.61796875 0.4703125 0.10625 0.0375
13 0.42890625 0.571875 0.146875 0.1265625
5 0.5796875 0.57265625 0.15 0.0921875
11 0.76953125 0.58359375 0.0671875 0.0625
21 0.653125 0.5953125 0.2109375 0.090625
24 0.40859375 0.625 0.1703125 0.0328125
14 0.821875 0.61875 0.115625 0.0609375
20 0.76640625 0.82265625 0.0953125 0.1609375
3 0.55703125 0.8296875 0.10625 0.059375
23 0.409375 0.85078125 0.1453125 0.0875
20 0.81171875 0.84765625 0.1 0.1734375
27 0.678125 0.859375 0.109375 0.140625
16 0.53203125 0.90546875 0.1703125 0.0828125
1 0.7828125 0.91484375 0.209375 0.121875
19 0.371875 0.92734375 0.14375 0.08125
25 0.33671875 0.16171875 0.1671875 0.1734375
27 0.77734375 0.171875 0.103125 0.128125
22 0.6640625 0.17734375 0.1078125 0.046875
18 0.82578125 0.18046875 0.0671875 0.1125
28 0.659375 0.20546875 0.246875 0.084375
29 0.48125 0.2171875 0.1546875 0.0546875
15 0.778125 0.4125 0.15625 0.14375
0 0.40234375 0.440625 0.1671875 0.059375
26 0.56640625 0.43828125 0.13125 0.075
7 0.421875 0.45625 0.1515625 0.0609375
6 0.74453125 0.4546875 0.1359375 0.0671875