29 0.5515625 0.6046875 0.1625 0.1
8 0.74765625 0.61328125 0.215625 0.1
3 0.36796875 0.6171875 0.1359375 0.0515625
25 0.775 0.86171875 0.159375 0.228125
21 0.63671875 0.87421875 0.14375 0.1109375
7 0.58984375 0.215625 0.0859375 0.0515625
14 0.715625 0.225 0.10625 0.0484375
19 0.8078125 0.2328125 0.128125 0.0421875
18 0.74453125 0.4265625 0.0640625 0.0921875
5 0.39765625 0.434375 0.1734375 0.0921875
15 0.78828125 0.45703125 0.1640625 0.0828125
6 0.61484375 0.46484375 0.1921875 0.065625
28 0.4015625 0.46015625 0.2515625 0.0796875