8 0.728125 0.59375 0.21875 0.09375
7 0.37109375 0.5984375 0.1125 0.0703125
23 0.5453125 0.60234375 0.1515625 0.0703125
20 0.59140625 0.8203125 0.10625 0.1515625
13 0.384375 0.85859375 0.159375 0.1453125
0 0.72421875 0.86953125 0.178125 0.0953125
1 0.5390625 0.91171875 0.21875 0.0828125
20 0.73828125 0.175 0.1015625 0.15625
27 0.3546875 0.17265625 0.1015625 0.13125
6 0.5078125 0.221875 0.2234375 0.0546875
28 0.69140625 0.45546875 0.0765625 0.053125
26 0.36328125 0.4515625 0.1390625 0.0828125
29 0.56171875 0.45703125 0.2203125 0.0734375