5 0.625 0.58125 0.16875 0.0984375
17 0.3203125 0.57109375 0.0734375 0.146875
27 0.7890625 0.59609375 0.1203125 0.146875
1 0.4375 0.58828125 0.1859375 0.0828125
21 0.66953125 0.5984375 0.1984375 0.09375
20 0.753125 0.82734375 0.0890625 0.15625
20 0.66015625 0.8265625 0.1078125 0.1671875
15 0.3859375 0.85859375 0.2140625 0.128125
24 0.55234375 0.87734375 0.115625 0.065625
0 0.73359375 0.89609375 0.1984375 0.096875
25 0.390625 0.1796875 0.25 0.1296875
22 0.8015625 0.2046875 0.1328125 0.1015625
29 0.66640625 0.21640625 0.1625 0.071875
6 0.48125 0.22109375 0.21875 0.0609375
8 0.41484375 0.44609375 0.2734375 0.090625
7 0.7234375 0.4640625 0.1515625 0.0640625