24 0.34140625 0.4640625 0.1328125 0.046875
27 0.7390625 0.575 0.1140625 0.134375
21 0.4515625 0.58515625 0.1390625 0.084375
13 0.33125 0.58203125 0.134375 0.1171875
29 0.603125 0.6140625 0.171875 0.1
5 0.675 0.83671875 0.1546875 0.10625
2 0.37578125 0.88515625 0.209375 0.1046875
25 0.5296875 0.89296875 0.2828125 0.153125
6 0.74609375 0.90703125 0.215625 0.121875
27 0.6015625 0.18671875 0.1203125 0.1234375
26 0.38203125 0.2015625 0.1796875 0.0875
8 0.76171875 0.21484375 0.2125 0.1
11 0.39921875 0.4453125 0.075 0.0640625
28 0.51875 0.453125 0.2265625 0.078125
23 0.734375 0.4609375 0.1640625 0.0671875