13 0.409375 0.5546875 0.1546875 0.1203125
8 0.75078125 0.609375 0.1984375 0.09375
21 0.365625 0.6046875 0.184375 0.1
6 0.54765625 0.61484375 0.221875 0.08125
1 0.778125 0.88125 0.1796875 0.1265625
17 0.40625 0.9046875 0.1859375 0.09375
11 0.6265625 0.9171875 0.084375 0.0734375
26 0.365625 0.19921875 0.1625 0.0859375
7 0.59375 0.2125 0.1078125 0.053125
24 0.7796875 0.2375 0.1359375 0.028125
29 0.5421875 0.4453125 0.1328125 0.0796875
5 0.646875 0.4546875 0.165625 0.0859375
19 0.75859375 0.459375 0.1640625 0.05
2 0.378125 0.46328125 0.1890625 0.059375