13 0.4796875 0.56328125 0.1296875 0.13125
23 0.59765625 0.603125 0.19375 0.08125
3 0.36796875 0.61796875 0.134375 0.0609375
6 0.77265625 0.61484375 0.184375 0.0765625
20 0.77578125 0.8375 0.1078125 0.171875
22 0.64609375 0.86015625 0.1421875 0.125
1 0.51484375 0.878125 0.196875 0.1125
19 0.371875 0.8859375 0.14375 0.0890625
13 0.7984375 0.184375 0.1140625 0.10625
15 0.40390625 0.21640625 0.259375 0.065625
25 0.4234375 0.4421875 0.2453125 0.0875
29 0.5671875 0.45859375 0.1921875 0.06875
16 0.753125 0.4578125 0.19375 0.0625