3 0.7125 0.46015625 0.115625 0.0484375
13 0.41015625 0.56640625 0.1671875 0.121875
8 0.76328125 0.59296875 0.203125 0.10625
6 0.55625 0.61484375 0.221875 0.0828125
1 0.79765625 0.86484375 0.18125 0.1234375
17 0.4390625 0.9078125 0.1953125 0.0890625
11 0.65078125 0.9109375 0.0921875 0.078125
23 0.3859375 0.21328125 0.1890625 0.08125
7 0.57421875 0.209375 0.0875 0.05625
14 0.6984375 0.2140625 0.0921875 0.0546875
19 0.78828125 0.2140625 0.146875 0.046875
5 0.3984375 0.42734375 0.1734375 0.0625
29 0.56328125 0.4421875 0.14375 0.078125
28 0.40546875 0.459375 0.284375 0.0875