27 0.753125 0.55546875 0.1125 0.1359375
13 0.33671875 0.5875 0.121875 0.1109375
17 0.615625 0.6140625 0.259375 0.0703125
24 0.44921875 0.628125 0.1296875 0.046875
20 0.6578125 0.8125 0.1046875 0.1578125
18 0.340625 0.8484375 0.05625 0.1
0 0.64765625 0.915625 0.18125 0.1
23 0.3796875 0.9296875 0.175 0.1265625
13 0.3203125 0.1828125 0.175 0.146875
29 0.72265625 0.20546875 0.2078125 0.075
27 0.753125 0.41328125 0.1203125 0.128125
1 0.40625 0.44921875 0.1953125 0.0703125
26 0.61640625 0.44453125 0.1421875 0.0859375