8 0.728125 0.57890625 0.2203125 0.10625
5 0.39140625 0.596875 0.1703125 0.1015625
23 0.53828125 0.5984375 0.1734375 0.084375
20 0.61171875 0.8203125 0.115625 0.16875
13 0.40859375 0.86953125 0.1515625 0.153125
0 0.75703125 0.8546875 0.1734375 0.1046875
20 0.7140625 0.15 0.0984375 0.1453125
27 0.33125 0.184375 0.1109375 0.134375
1 0.7296875 0.20390625 0.2140625 0.0703125
6 0.4890625 0.21953125 0.2234375 0.065625
28 0.7890625 0.43515625 0.11875 0.084375
28 0.6859375 0.44140625 0.08125 0.0515625
7 0.36640625 0.45859375 0.090625 0.06875
17 0.56171875 0.46171875 0.25 0.0515625