8 0.721875 0.59609375 0.215625 0.1
5 0.3828125 0.5859375 0.16875 0.09375
23 0.54140625 0.60234375 0.1703125 0.0953125
20 0.58984375 0.83046875 0.0984375 0.1671875
20 0.4984375 0.828125 0.109375 0.1640625
13 0.37578125 0.859375 0.128125 0.1546875
0 0.7296875 0.87421875 0.1765625 0.1109375
27 0.36015625 0.1703125 0.10625 0.134375
7 0.73046875 0.21640625 0.0921875 0.0453125
6 0.515625 0.22109375 0.228125 0.0625
28 0.6828125 0.45078125 0.0609375 0.0484375
28 0.79296875 0.4578125 0.11875 0.084375
26 0.3875 0.44921875 0.1390625 0.0859375
15 0.575 0.46328125 0.2640625 0.0734375