26 0.39921875 0.596875 0.13125 0.084375
28 0.78359375 0.59296875 0.178125 0.078125
21 0.56015625 0.6015625 0.1609375 0.0796875
4 0.41484375 0.871875 0.15 0.0890625
22 0.61015625 0.88125 0.203125 0.109375
9 0.77890625 0.8828125 0.20625 0.1078125
13 0.4421875 0.18203125 0.1234375 0.128125
11 0.36015625 0.215625 0.084375 0.0625
15 0.60546875 0.21484375 0.15 0.071875
0 0.7796875 0.2125 0.1109375 0.065625
20 0.78046875 0.39140625 0.0953125 0.1515625
7 0.61484375 0.4484375 0.13125 0.05625
12 0.38515625 0.4640625 0.121875 0.06875