7 0.54296875 0.59609375 0.128125 0.06875
4 0.7515625 0.6109375 0.1515625 0.06875
6 0.36171875 0.6140625 0.1359375 0.059375
26 0.55 0.86875 0.134375 0.0828125
28 0.77890625 0.884375 0.165625 0.1265625
0 0.39375 0.8828125 0.178125 0.0953125
20 0.65234375 0.1671875 0.109375 0.1609375
5 0.81484375 0.20390625 0.2 0.0953125
11 0.4734375 0.21875 0.0765625 0.05
3 0.375 0.21796875 0.128125 0.04375
27 0.39375 0.41171875 0.1234375 0.1375
25 0.59375 0.4234375 0.2890625 0.096875
16 0.7484375 0.46640625 0.29375 0.0546875