17 0.54296875 0.471875 0.221875 0.0453125
8 0.72265625 0.59765625 0.2125 0.1
7 0.37109375 0.596875 0.1203125 0.0734375
23 0.54609375 0.60625 0.165625 0.0890625
20 0.58046875 0.83125 0.115625 0.175
13 0.371875 0.853125 0.15 0.1625
0 0.7140625 0.87578125 0.1875 0.1015625
1 0.52578125 0.9109375 0.2296875 0.0890625
20 0.753125 0.18203125 0.1 0.1578125
27 0.36484375 0.16875 0.1078125 0.134375
6 0.515625 0.22265625 0.221875 0.065625
28 0.79453125 0.46640625 0.125 0.0828125
26 0.3640625 0.44453125 0.14375 0.0890625
28 0.68984375 0.4625 0.08125 0.05625