7 0.54765625 0.59375 0.128125 0.071875
4 0.75703125 0.59765625 0.1515625 0.071875
6 0.36796875 0.62109375 0.1375 0.0609375
26 0.56875 0.865625 0.1359375 0.084375
28 0.79921875 0.86953125 0.1671875 0.1296875
0 0.4140625 0.8875 0.178125 0.0984375
20 0.63515625 0.16015625 0.1125 0.1625
5 0.7984375 0.1875 0.2015625 0.0984375
11 0.45859375 0.22109375 0.0765625 0.0515625
3 0.3609375 0.225 0.128125 0.046875
27 0.3890625 0.4171875 0.125 0.140625
25 0.5890625 0.41875 0.2890625 0.1015625
16 0.74609375 0.453125 0.29375 0.059375