1 0.44140625 0.59296875 0.153125 0.1109375
8 0.7578125 0.59609375 0.2078125 0.103125
29 0.5640625 0.60234375 0.146875 0.0953125
11 0.3484375 0.62265625 0.0859375 0.0734375
22 0.76640625 0.85625 0.15 0.1234375
23 0.45390625 0.86796875 0.2375 0.071875
26 0.3875 0.9265625 0.1671875 0.1125
17 0.60703125 0.94609375 0.2203125 0.096875
7 0.56640625 0.2109375 0.0859375 0.05625
14 0.7015625 0.21171875 0.1171875 0.05625
19 0.78515625 0.2125 0.13125 0.0453125
18 0.74140625 0.40078125 0.05625 0.06875
27 0.5484375 0.41328125 0.1109375 0.140625
15 0.76796875 0.440625 0.2203125 0.0984375
5 0.415625 0.45390625 0.190625 0.0984375
28 0.60625 0.46015625 0.0890625 0.059375