17 0.5421875 0.47109375 0.221875 0.040625
8 0.72421875 0.59375 0.2109375 0.096875
7 0.37265625 0.5984375 0.11875 0.071875
23 0.54765625 0.60546875 0.1640625 0.0859375
20 0.5859375 0.8296875 0.1125 0.1734375
13 0.378125 0.85546875 0.146875 0.1609375
0 0.72109375 0.871875 0.1859375 0.0984375
1 0.53359375 0.9109375 0.228125 0.0859375
20 0.74765625 0.178125 0.096875 0.15625
27 0.359375 0.17109375 0.1046875 0.1328125
6 0.51015625 0.221875 0.2203125 0.0609375
28 0.79375 0.4609375 0.125 0.08125
26 0.36328125 0.446875 0.1421875 0.0859375
28 0.6890625 0.45859375 0.0796875 0.0546875