19 0.3484375 0.46484375 0.1578125 0.053125
27 0.74765625 0.5671875 0.1125 0.1390625
13 0.3359375 0.58203125 0.1328125 0.109375
7 0.559375 0.59453125 0.1140625 0.0703125
20 0.6359375 0.81640625 0.0953125 0.15625
18 0.3203125 0.83984375 0.05625 0.1
2 0.58828125 0.90390625 0.265625 0.08125
23 0.3578125 0.91796875 0.171875 0.1234375
3 0.75078125 0.95703125 0.1734375 0.08125
13 0.340625 0.17109375 0.1796875 0.146875
26 0.49375 0.20859375 0.165625 0.075
29 0.73671875 0.21796875 0.190625 0.071875
5 0.73515625 0.45 0.175 0.0890625
24 0.57109375 0.4671875 0.1234375 0.034375