1 0.421875 0.5828125 0.15 0.09375
8 0.7484375 0.61328125 0.203125 0.0984375
29 0.55625 0.6078125 0.1609375 0.0921875
11 0.3328125 0.61484375 0.078125 0.06875
23 0.6328125 0.86953125 0.1453125 0.1
22 0.7546875 0.8765625 0.140625 0.1328125
26 0.496875 0.87109375 0.1453125 0.10625
2 0.35546875 0.8921875 0.1546875 0.10625
7 0.584375 0.21484375 0.08125 0.053125
14 0.721875 0.2265625 0.1140625 0.05625
19 0.80390625 0.2328125 0.1328125 0.0390625
18 0.74765625 0.4140625 0.059375 0.0671875
5 0.384375 0.4421875 0.2046875 0.1
15 0.7796875 0.45859375 0.1921875 0.0953125
6 0.61796875 0.46484375 0.1984375 0.065625