8 0.728125 0.58828125 0.209375 0.0875
7 0.3734375 0.6015625 0.1171875 0.065625
23 0.55 0.6015625 0.1578125 0.084375
13 0.5953125 0.85078125 0.1578125 0.0875
0 0.7328125 0.86171875 0.1703125 0.1046875
27 0.40625 0.86328125 0.1125 0.1421875
1 0.54453125 0.9109375 0.2171875 0.0828125
20 0.73046875 0.16875 0.090625 0.15625
6 0.38984375 0.21953125 0.2125 0.046875
3 0.57421875 0.221875 0.1375 0.040625
26 0.359375 0.45625 0.1453125 0.0875
29 0.56640625 0.45625 0.2125 0.071875
19 0.746875 0.4640625 0.184375 0.05