10 0.57578125 0.47421875 0.165625 0.03125
7 0.42890625 0.60390625 0.14375 0.0546875
29 0.67734375 0.60625 0.146875 0.0625
27 0.80546875 0.82890625 0.096875 0.1375
13 0.3703125 0.846875 0.09375 0.11875
15 0.52578125 0.8671875 0.2078125 0.0921875
6 0.709375 0.87734375 0.125 0.1
23 0.78984375 0.21484375 0.14375 0.053125
24 0.63984375 0.22734375 0.15625 0.0328125
20 0.46328125 0.3984375 0.08125 0.15
5 0.7640625 0.43984375 0.171875 0.0875
11 0.6421875 0.4453125 0.06875 0.059375
12 0.41796875 0.45390625 0.1046875 0.05