8 0.72421875 0.5984375 0.21875 0.103125
23 0.53515625 0.6078125 0.1609375 0.0765625
24 0.3921875 0.60625 0.11875 0.0609375
20 0.65234375 0.8234375 0.1 0.165625
11 0.34453125 0.8640625 0.0734375 0.071875
27 0.5703125 0.87890625 0.1140625 0.1515625
18 0.3640625 0.88671875 0.0625 0.1109375
27 0.41875 0.175 0.1109375 0.134375
7 0.73203125 0.21796875 0.0859375 0.0421875
28 0.6921875 0.45390625 0.06875 0.046875
28 0.79765625 0.46015625 0.11875 0.08125
26 0.39453125 0.4484375 0.1484375 0.084375
15 0.5875 0.4640625 0.253125 0.071875