17 0.33046875 0.58515625 0.075 0.15
1 0.40703125 0.5890625 0.1421875 0.0734375
21 0.78125 0.5921875 0.14375 0.0953125
25 0.58125 0.59765625 0.2921875 0.1234375
20 0.67890625 0.81953125 0.0953125 0.159375
20 0.7671875 0.81875 0.0890625 0.1609375
15 0.40703125 0.8671875 0.2296875 0.115625
24 0.5734375 0.87578125 0.1 0.0625
0 0.7515625 0.8859375 0.2 0.096875
22 0.78671875 0.19140625 0.13125 0.096875
6 0.64375 0.21796875 0.184375 0.05
3 0.3484375 0.225 0.1265625 0.04375
8 0.41328125 0.4515625 0.2859375 0.084375
7 0.68515625 0.453125 0.1078125 0.05625