1 0.4265625 0.59296875 0.18125 0.1
8 0.75078125 0.603125 0.2078125 0.0953125
29 0.55859375 0.6078125 0.15 0.0875
23 0.48515625 0.8640625 0.1453125 0.065625
5 0.3640625 0.89921875 0.171875 0.10625
25 0.37578125 0.184375 0.259375 0.121875
14 0.69296875 0.215625 0.10625 0.05625
19 0.796875 0.22265625 0.140625 0.040625
24 0.57265625 0.228125 0.1328125 0.03125
18 0.3546875 0.41875 0.0625 0.103125
26 0.58125 0.44296875 0.140625 0.08125
0 0.71875 0.45390625 0.15 0.075
7 0.409375 0.4546875 0.125 0.05625