18 0.4640625 0.5671875 0.0609375 0.1234375
8 0.74609375 0.6125 0.2078125 0.10625
3 0.36875 0.61953125 0.1421875 0.0546875
25 0.77578125 0.86484375 0.1609375 0.2265625
15 0.50078125 0.875 0.2 0.1109375
17 0.39609375 0.89921875 0.2125 0.0859375
26 0.38125 0.1984375 0.1671875 0.0921875
7 0.59140625 0.215625 0.08125 0.05
14 0.7234375 0.225 0.0953125 0.05625
19 0.80703125 0.23359375 0.1546875 0.040625
5 0.40390625 0.41953125 0.1796875 0.071875
29 0.5671875 0.44921875 0.14375 0.0734375
23 0.7515625 0.46484375 0.1765625 0.071875
28 0.40859375 0.45703125 0.2875 0.0875