27 0.7515625 0.5515625 0.1171875 0.1390625
13 0.33671875 0.59296875 0.1578125 0.128125
24 0.609375 0.609375 0.13125 0.05625
20 0.66015625 0.803125 0.1 0.1515625
18 0.3453125 0.853125 0.059375 0.10625
2 0.61953125 0.89375 0.2703125 0.090625
23 0.38125 0.9296875 0.178125 0.1296875
13 0.31328125 0.1859375 0.16875 0.1578125
5 0.478125 0.2046875 0.203125 0.0875
0 0.6015625 0.20703125 0.1015625 0.0734375
29 0.72421875 0.2015625 0.18125 0.0734375
26 0.38671875 0.453125 0.134375 0.084375
19 0.69453125 0.44609375 0.2015625 0.05625
6 0.53828125 0.45625 0.203125 0.0734375