15 0.64140625 0.55078125 0.2484375 0.0796875
25 0.62890625 0.58828125 0.246875 0.0984375
24 0.315625 0.603125 0.1265625 0.04375
22 0.2953125 0.875 0.1234375 0.096875
3 0.45625 0.87734375 0.159375 0.059375
18 0.43125 0.196875 0.0546875 0.103125
26 0.28046875 0.209375 0.1640625 0.078125
29 0.54140625 0.209375 0.1625 0.0734375
1 0.665625 0.2140625 0.1375 0.0609375
13 0.2984375 0.4375 0.10625 0.1015625
21 0.43359375 0.44140625 0.134375 0.084375
5 0.68671875 0.4421875 0.2046875 0.1015625
11 0.53203125 0.459375 0.08125 0.0640625