10 0.4171875 0.47421875 0.2421875 0.0390625
28 0.76328125 0.60390625 0.1859375 0.1015625
21 0.59296875 0.6015625 0.14375 0.08125
7 0.42109375 0.603125 0.134375 0.0640625
15 0.76171875 0.865625 0.1546875 0.153125
26 0.5359375 0.86171875 0.159375 0.0984375
4 0.3953125 0.8671875 0.13125 0.0890625
13 0.80703125 0.2015625 0.165625 0.1109375
24 0.65234375 0.2359375 0.178125 0.0328125
18 0.75 0.428125 0.065625 0.1015625
23 0.46015625 0.43671875 0.1859375 0.0734375
11 0.5828125 0.45234375 0.08125 0.0765625
25 0.703125 0.46015625 0.3015625 0.0765625