13 0.5421875 0.5703125 0.1375 0.1421875
3 0.6875 0.58671875 0.153125 0.0625
5 0.3765625 0.603125 0.1796875 0.1046875
0 0.79140625 0.84375 0.09375 0.0765625
22 0.66796875 0.8546875 0.1484375 0.1296875
1 0.5328125 0.8796875 0.2015625 0.115625
19 0.38203125 0.88515625 0.15625 0.084375
25 0.71796875 0.196875 0.2609375 0.0921875
29 0.38203125 0.21015625 0.2140625 0.09375
15 0.53515625 0.21640625 0.165625 0.0625
23 0.70625 0.440625 0.134375 0.0703125
7 0.62578125 0.4515625 0.1703125 0.078125
16 0.39609375 0.46796875 0.1921875 0.0609375