10 0.6484375 0.4625 0.115625 0.040625
26 0.55234375 0.57734375 0.1515625 0.0703125
23 0.52109375 0.609375 0.2125 0.08125
9 0.7296875 0.603125 0.221875 0.0578125
27 0.6140625 0.85546875 0.128125 0.1453125
15 0.77734375 0.84765625 0.225 0.1203125
24 0.46171875 0.8859375 0.134375 0.075
13 0.76953125 0.18125 0.1140625 0.103125
5 0.59296875 0.1953125 0.19375 0.0890625
12 0.44921875 0.21796875 0.1203125 0.053125
20 0.37109375 0.446875 0.128125 0.08125
21 0.77265625 0.43515625 0.1609375 0.0765625
7 0.51796875 0.45 0.084375 0.0515625