0 0.390625 0.5890625 0.184375 0.0796875
26 0.56640625 0.6 0.1375 0.078125
9 0.7515625 0.6296875 0.2015625 0.08125
5 0.7203125 0.87734375 0.1625 0.1171875
4 0.54375 0.88203125 0.1640625 0.0890625
15 0.375 0.8859375 0.184375 0.11875
27 0.79609375 0.18828125 0.121875 0.1484375
12 0.3671875 0.20859375 0.121875 0.0515625
29 0.51640625 0.21953125 0.2140625 0.059375
25 0.39296875 0.4046875 0.1921875 0.159375
18 0.5375 0.4203125 0.0703125 0.1046875
22 0.75546875 0.44609375 0.1859375 0.1125
28 0.5921875 0.4515625 0.2390625 0.0875