8 0.725 0.59609375 0.2109375 0.0953125
7 0.3703125 0.596875 0.11875 0.0703125
23 0.54609375 0.603125 0.1609375 0.090625
13 0.5828125 0.85390625 0.1609375 0.09375
0 0.7203125 0.86953125 0.1734375 0.1109375
27 0.39375 0.86015625 0.1171875 0.1453125
1 0.53046875 0.9125 0.2203125 0.090625
20 0.7421875 0.17734375 0.0953125 0.159375
6 0.4 0.215625 0.2140625 0.0546875
3 0.58359375 0.225 0.1375 0.0453125
26 0.3609375 0.4515625 0.1484375 0.0921875
29 0.56796875 0.45859375 0.2140625 0.078125
19 0.74765625 0.47265625 0.1859375 0.0578125