22 0.3703125 0.584375 0.14375 0.1
5 0.5234375 0.59375 0.1703125 0.1
7 0.69453125 0.60546875 0.1453125 0.0640625
19 0.7109375 0.87578125 0.0609375 0.0390625
19 0.79921875 0.8890625 0.09375 0.0828125
29 0.39296875 0.8828125 0.18125 0.0859375
0 0.60078125 0.89140625 0.1 0.1046875
0 0.74140625 0.9125 0.0890625 0.0703125
8 0.77734375 0.20625 0.2296875 0.084375
3 0.3609375 0.221875 0.128125 0.034375
24 0.525 0.23046875 0.14375 0.0421875
26 0.375 0.43828125 0.134375 0.09375
14 0.68515625 0.45703125 0.1015625 0.059375
11 0.79453125 0.46171875 0.08125 0.0671875
23 0.5328125 0.465625 0.1546875 0.0703125