19 0.34765625 0.4671875 0.15625 0.05
27 0.7484375 0.5625 0.109375 0.1375
13 0.3375 0.58515625 0.13125 0.10625
7 0.5609375 0.59375 0.1125 0.06875
20 0.64140625 0.8140625 0.0921875 0.153125
18 0.3265625 0.84296875 0.053125 0.1
2 0.5953125 0.90234375 0.2640625 0.078125
23 0.36484375 0.9203125 0.1703125 0.121875
3 0.75859375 0.95234375 0.171875 0.078125
13 0.33515625 0.17421875 0.178125 0.14375
26 0.48828125 0.20859375 0.1640625 0.071875
29 0.73203125 0.2140625 0.1890625 0.06875
5 0.734375 0.44609375 0.1734375 0.0875
24 0.5703125 0.465625 0.121875 0.0328125