8 0.440625 0.59375 0.19375 0.0875
29 0.77578125 0.58046875 0.1421875 0.0703125
4 0.63671875 0.6046875 0.15625 0.071875
27 0.828125 0.8109375 0.1 0.140625
13 0.40234375 0.84375 0.1078125 0.1296875
15 0.603125 0.8640625 0.215625 0.1078125
19 0.73359375 0.89296875 0.0671875 0.0625
19 0.85546875 0.903125 0.065625 0.05
23 0.77890625 0.203125 0.15625 0.0640625
24 0.6515625 0.21796875 0.1515625 0.0421875
20 0.73828125 0.384375 0.1109375 0.1546875
22 0.803125 0.4203125 0.159375 0.103125
5 0.65078125 0.43046875 0.1625 0.0953125
16 0.44765625 0.4578125 0.1984375 0.059375