5 0.62421875 0.55234375 0.1546875 0.0546875
26 0.4078125 0.5796875 0.1390625 0.0609375
27 0.790625 0.57734375 0.1203125 0.1390625
21 0.64140625 0.5953125 0.2 0.1015625
3 0.43359375 0.62890625 0.15 0.059375
20 0.67734375 0.8171875 0.0875 0.159375
20 0.7625 0.81640625 0.0890625 0.1671875
15 0.4078125 0.86015625 0.1859375 0.1140625
24 0.5640625 0.86015625 0.1125 0.0484375
8 0.77890625 0.925 0.2078125 0.1296875
23 0.55703125 0.93125 0.1625 0.109375
1 0.37578125 0.9453125 0.1890625 0.09375
25 0.36640625 0.17890625 0.2640625 0.1390625
22 0.78671875 0.19296875 0.1359375 0.090625
29 0.64765625 0.21171875 0.15625 0.0640625
6 0.4640625 0.2171875 0.2109375 0.05625
0 0.40390625 0.4484375 0.1765625 0.0734375
7 0.7203125 0.45078125 0.1515625 0.0609375
14 0.60078125 0.4609375 0.1 0.059375