8 0.4375 0.59140625 0.1921875 0.08125
9 0.7890625 0.6015625 0.1671875 0.0515625
15 0.653125 0.8328125 0.1859375 0.1109375
13 0.51015625 0.8640625 0.13125 0.128125
4 0.3984375 0.8859375 0.14375 0.0890625
19 0.77890625 0.90078125 0.090625 0.0765625
19 0.6171875 0.90703125 0.06875 0.0453125
23 0.53203125 0.2109375 0.19375 0.0609375
12 0.375 0.21796875 0.115625 0.0484375
24 0.78671875 0.22265625 0.175 0.0359375
20 0.73515625 0.39296875 0.10625 0.1515625
22 0.7921875 0.4328125 0.15625 0.096875
29 0.59609375 0.44296875 0.1546875 0.06875
16 0.4296875 0.45703125 0.196875 0.053125