10 0.4953125 0.46953125 0.2 0.0375
13 0.43203125 0.57421875 0.1234375 0.1171875
9 0.58515625 0.60546875 0.1640625 0.0546875
7 0.77265625 0.603125 0.1515625 0.0546875
27 0.790625 0.85078125 0.11875 0.134375
15 0.671875 0.86171875 0.15 0.1171875
6 0.51953125 0.8703125 0.1453125 0.090625
26 0.39140625 0.87578125 0.1296875 0.096875
23 0.7421875 0.20390625 0.19375 0.0703125
12 0.4546875 0.215625 0.1296875 0.05
20 0.3734375 0.4421875 0.1265625 0.0765625
11 0.68515625 0.4421875 0.0703125 0.0609375
21 0.7875 0.4453125 0.1328125 0.06875