17 0.540625 0.46875 0.2203125 0.0375
8 0.72890625 0.58203125 0.209375 0.09375
7 0.378125 0.60546875 0.11875 0.0703125
23 0.553125 0.603125 0.1625 0.0828125
20 0.603125 0.825 0.109375 0.171875
13 0.396875 0.8609375 0.1453125 0.1578125
0 0.73984375 0.86015625 0.184375 0.0953125
1 0.5546875 0.90859375 0.2265625 0.08125
20 0.73046875 0.165625 0.0953125 0.15625
27 0.3421875 0.17890625 0.103125 0.13125
6 0.49609375 0.221875 0.2203125 0.0578125
28 0.79140625 0.4453125 0.1234375 0.078125
26 0.3609375 0.45390625 0.140625 0.084375
28 0.68671875 0.44921875 0.0796875 0.053125