5 0.625 0.55 0.15625 0.0578125
26 0.409375 0.58125 0.1390625 0.0640625
27 0.79140625 0.571875 0.121875 0.140625
21 0.64296875 0.59296875 0.2015625 0.1046875
3 0.4359375 0.6296875 0.1515625 0.0609375
20 0.6828125 0.8140625 0.090625 0.1609375
20 0.76796875 0.81171875 0.0921875 0.16875
15 0.4140625 0.86171875 0.1875 0.1171875
24 0.5703125 0.85859375 0.1140625 0.05
8 0.7859375 0.9203125 0.2109375 0.1328125
23 0.5640625 0.9296875 0.1640625 0.1125
1 0.38359375 0.94765625 0.190625 0.096875
25 0.3609375 0.18125 0.2671875 0.14375
22 0.78125 0.1875 0.1375 0.0921875
29 0.6421875 0.20859375 0.1578125 0.0671875
6 0.45859375 0.21796875 0.2125 0.059375
0 0.403125 0.45 0.178125 0.0765625
7 0.71953125 0.446875 0.1515625 0.0640625
14 0.6 0.45859375 0.1015625 0.0609375