6 0.62109375 0.46796875 0.109375 0.0421875
13 0.44765625 0.56953125 0.1375 0.1359375
27 0.35859375 0.58046875 0.115625 0.1421875
5 0.58984375 0.5765625 0.1796875 0.09375
11 0.721875 0.60234375 0.08125 0.065625
20 0.7671875 0.825 0.1109375 0.1640625
20 0.81484375 0.8453125 0.1046875 0.16875
1 0.63046875 0.84921875 0.20625 0.1
28 0.37421875 0.88984375 0.16875 0.121875
25 0.3375 0.1671875 0.23125 0.1625
27 0.52890625 0.1765625 0.1234375 0.13125
22 0.65859375 0.19453125 0.15 0.0890625
14 0.80078125 0.2125 0.1140625 0.0484375
15 0.78515625 0.41640625 0.1703125 0.1546875
18 0.33828125 0.43828125 0.0640625 0.115625
26 0.56796875 0.43671875 0.1203125 0.078125
29 0.4390625 0.4484375 0.14375 0.06875
6 0.7390625 0.4546875 0.1390625 0.0671875