22 0.56171875 0.46953125 0.0890625 0.0546875
13 0.4078125 0.56171875 0.1671875 0.134375
26 0.3578125 0.59765625 0.1484375 0.103125
8 0.76015625 0.61640625 0.1984375 0.0921875
6 0.5484375 0.61484375 0.2203125 0.075
1 0.775 0.884375 0.1796875 0.1296875
17 0.39296875 0.90078125 0.1921875 0.0890625
11 0.61796875 0.9234375 0.0890625 0.0796875
18 0.6640625 0.18828125 0.075 0.1171875
5 0.3953125 0.19375 0.2140625 0.0828125
7 0.60703125 0.21875 0.109375 0.0546875
3 0.76953125 0.23671875 0.1390625 0.034375
29 0.55625 0.446875 0.146875 0.0734375
28 0.721875 0.46640625 0.24375 0.0828125
2 0.3796875 0.45859375 0.19375 0.0609375