5 0.63125 0.57421875 0.16875 0.078125
27 0.79375 0.58515625 0.1203125 0.1421875
1 0.44453125 0.58828125 0.196875 0.071875
21 0.67421875 0.59453125 0.18125 0.084375
3 0.528125 0.62578125 0.11875 0.05
20 0.7609375 0.81875 0.1 0.1609375
20 0.67265625 0.81875 0.09375 0.159375
15 0.40703125 0.865625 0.203125 0.1171875
24 0.56484375 0.87421875 0.10625 0.05625
23 0.79765625 0.93125 0.19375 0.1125
17 0.56640625 0.9515625 0.1953125 0.090625
22 0.79140625 0.196875 0.125 0.090625
25 0.378125 0.19765625 0.259375 0.08125
6 0.471875 0.21484375 0.215625 0.0609375
29 0.65234375 0.21484375 0.159375 0.0625
26 0.37421875 0.4421875 0.1375 0.0828125
7 0.7234375 0.45546875 0.146875 0.053125
14 0.6 0.46171875 0.1 0.059375