26 0.39765625 0.5953125 0.1296875 0.0828125
28 0.78203125 0.59765625 0.1765625 0.075
21 0.55859375 0.60234375 0.159375 0.0765625
4 0.40859375 0.8703125 0.15 0.0875
22 0.603125 0.8828125 0.2 0.10625
9 0.771875 0.8875 0.2046875 0.1046875
13 0.44765625 0.18125 0.121875 0.1265625
11 0.36484375 0.21328125 0.084375 0.0625
15 0.61015625 0.21640625 0.15 0.06875
0 0.784375 0.2171875 0.109375 0.0640625
20 0.78203125 0.39609375 0.09375 0.15
7 0.615625 0.45078125 0.13125 0.053125
12 0.3859375 0.46171875 0.121875 0.065625