3 0.4734375 0.46640625 0.1375 0.053125
6 0.61953125 0.475 0.1078125 0.0375
13 0.4390625 0.54765625 0.14375 0.1078125
5 0.5875 0.5765625 0.1703125 0.084375
11 0.7671875 0.59140625 0.08125 0.0703125
8 0.44453125 0.60625 0.2796875 0.1125
16 0.70703125 0.625 0.240625 0.059375
20 0.7546875 0.83046875 0.1 0.1515625
23 0.40078125 0.84921875 0.1484375 0.084375
28 0.5421875 0.85390625 0.14375 0.078125
20 0.8 0.859375 0.109375 0.1703125
27 0.665625 0.86640625 0.115625 0.1421875
1 0.7625 0.92265625 0.2109375 0.125
2 0.50546875 0.9328125 0.134375 0.0828125
19 0.35625 0.93203125 0.1515625 0.1046875
25 0.35703125 0.153125 0.184375 0.184375
27 0.784375 0.18125 0.0953125 0.128125
18 0.834375 0.1953125 0.065625 0.1109375
22 0.67890625 0.1984375 0.134375 0.090625
29 0.4921875 0.21484375 0.16875 0.0640625
15 0.78515625 0.43046875 0.1640625 0.1546875
26 0.5703125 0.440625 0.13125 0.071875
0 0.4078125 0.43828125 0.1671875 0.0671875
6 0.74375 0.46328125 0.1390625 0.071875
14 0.3375 0.4609375 0.09375 0.05625