6 0.625 0.465625 0.1125 0.040625
13 0.44921875 0.565625 0.153125 0.14375
5 0.59453125 0.57421875 0.1828125 0.1
8 0.6953125 0.59140625 0.2859375 0.1078125
20 0.78046875 0.81640625 0.1078125 0.1640625
1 0.64296875 0.84453125 0.2078125 0.1078125
20 0.8234375 0.8359375 0.1125 0.16875
28 0.390625 0.88984375 0.18125 0.13125
25 0.33671875 0.165625 0.2015625 0.1828125
27 0.51875 0.17734375 0.128125 0.134375
22 0.65546875 0.190625 0.165625 0.0953125
14 0.79140625 0.20234375 0.1109375 0.05
15 0.7828125 0.40390625 0.1734375 0.1546875
18 0.3359375 0.44453125 0.0703125 0.11875
26 0.56953125 0.43359375 0.1328125 0.0953125
29 0.43828125 0.45078125 0.146875 0.0734375
6 0.7390625 0.4484375 0.1359375 0.0765625