5 0.615625 0.5921875 0.1703125 0.096875
29 0.76171875 0.5984375 0.1421875 0.065625
8 0.43203125 0.59453125 0.1875 0.103125
27 0.8 0.834375 0.0984375 0.140625
13 0.3640625 0.84453125 0.096875 0.1203125
15 0.51953125 0.86796875 0.209375 0.0953125
6 0.703125 0.88125 0.1265625 0.1015625
23 0.79453125 0.2203125 0.1453125 0.05625
24 0.64453125 0.2296875 0.15625 0.0359375
20 0.46484375 0.39765625 0.0828125 0.1515625
22 0.8 0.44296875 0.1640625 0.103125
12 0.41875 0.45234375 0.10625 0.0515625
4 0.575 0.4578125 0.1484375 0.0640625