17 0.53984375 0.4671875 0.221875 0.0453125
8 0.73125 0.57421875 0.2125 0.1
7 0.38203125 0.609375 0.1203125 0.0734375
23 0.55703125 0.60078125 0.165625 0.0890625
20 0.61484375 0.82109375 0.115625 0.175
13 0.409375 0.86484375 0.15 0.1625
0 0.75234375 0.8515625 0.1875 0.1015625
1 0.56875 0.90625 0.2296875 0.0890625
20 0.71796875 0.1578125 0.1 0.1578125
27 0.33125 0.18515625 0.1078125 0.134375
6 0.4859375 0.221875 0.221875 0.065625
28 0.7890625 0.4359375 0.125 0.0828125
26 0.359375 0.45859375 0.14375 0.0890625
28 0.684375 0.44296875 0.08125 0.05625