13 0.4046875 0.56328125 0.15625 0.121875
8 0.75546875 0.6046875 0.2046875 0.09375
6 0.55234375 0.61171875 0.21875 0.075
14 0.3578125 0.6125 0.0953125 0.0609375
1 0.7859375 0.878125 0.1703125 0.13125
17 0.4046875 0.90625 0.184375 0.08125
11 0.63359375 0.915625 0.0828125 0.071875
7 0.58828125 0.2125 0.096875 0.05
3 0.75625 0.2296875 0.1265625 0.025
18 0.6953125 0.41640625 0.065625 0.078125
5 0.40078125 0.4265625 0.15625 0.0515625
29 0.56015625 0.44609375 0.146875 0.065625
28 0.7140625 0.4578125 0.25625 0.071875
23 0.434375 0.46484375 0.253125 0.05625