22 0.59453125 0.5890625 0.1375 0.0953125
14 0.78046875 0.6078125 0.1171875 0.0625
11 0.4265625 0.6 0.0890625 0.0734375
19 0.76484375 0.88125 0.0890625 0.0578125
29 0.390625 0.878125 0.1578125 0.1046875
19 0.6734375 0.89609375 0.0734375 0.059375
3 0.5625 0.89765625 0.1390625 0.0765625
19 0.74375 0.93984375 0.0734375 0.0453125
27 0.3765625 0.17109375 0.14375 0.1484375
0 0.7796875 0.21953125 0.178125 0.071875
24 0.6109375 0.22890625 0.1453125 0.0375
1 0.75625 0.45703125 0.159375 0.0734375
26 0.609375 0.45390625 0.1734375 0.0859375
7 0.4328125 0.4546875 0.14375 0.065625