15 0.64453125 0.55234375 0.246875 0.0921875
21 0.31484375 0.59453125 0.1640625 0.090625
25 0.6375 0.5859375 0.2375 0.1125
17 0.471875 0.596875 0.1890625 0.0984375
22 0.2984375 0.8765625 0.1359375 0.1109375
3 0.465625 0.875 0.146875 0.0703125
16 0.69375 0.871875 0.2078125 0.1140625
18 0.425 0.19609375 0.0609375 0.0984375
26 0.26953125 0.21484375 0.159375 0.0875
29 0.53046875 0.20859375 0.1765625 0.078125
1 0.65546875 0.209375 0.1453125 0.071875
8 0.31953125 0.4265625 0.215625 0.0859375
5 0.68203125 0.4375 0.19375 0.1015625
24 0.4859375 0.4609375 0.1375 0.04375