8 0.75390625 0.5984375 0.209375 0.0953125
29 0.56171875 0.6046875 0.1625 0.0953125
3 0.3734375 0.62265625 0.125 0.04375
25 0.7921875 0.84609375 0.1625 0.225
21 0.66796875 0.86171875 0.153125 0.096875
17 0.41640625 0.91015625 0.18125 0.08125
7 0.5765625 0.209375 0.084375 0.0515625
14 0.70859375 0.2109375 0.1046875 0.046875
19 0.80078125 0.21796875 0.128125 0.0453125
18 0.740625 0.40703125 0.0625 0.075
5 0.3953125 0.42890625 0.1875 0.0765625
15 0.77890625 0.44140625 0.1921875 0.0953125
6 0.6171875 0.4546875 0.190625 0.0640625
28 0.3953125 0.46171875 0.2578125 0.0859375