27 0.74296875 0.5765625 0.115625 0.1375
13 0.32734375 0.5703125 0.134375 0.1265625
24 0.57890625 0.625 0.1140625 0.0546875
20 0.6234375 0.8140625 0.0953125 0.1484375
18 0.3078125 0.83359375 0.0578125 0.103125
2 0.575 0.90703125 0.26875 0.0921875
23 0.3390625 0.91484375 0.16875 0.1296875
13 0.3515625 0.16328125 0.1640625 0.1515625
5 0.5078125 0.20234375 0.1953125 0.0875
0 0.634375 0.21953125 0.2796875 0.084375
29 0.7921875 0.23359375 0.1046875 0.0578125
26 0.39140625 0.44140625 0.1375 0.0890625
19 0.696875 0.46640625 0.2015625 0.05625
6 0.54140625 0.4609375 0.2 0.075