15 0.65234375 0.5421875 0.2671875 0.0984375
21 0.3671875 0.59453125 0.221875 0.1
25 0.63671875 0.5890625 0.240625 0.1015625
22 0.30703125 0.88125 0.1328125 0.10625
3 0.46796875 0.88046875 0.146875 0.078125
16 0.7 0.86796875 0.2046875 0.1125
18 0.421875 0.196875 0.0703125 0.10625
26 0.2703125 0.21328125 0.1671875 0.0796875
29 0.5265625 0.20859375 0.1671875 0.0859375
1 0.66796875 0.20625 0.121875 0.059375
8 0.31328125 0.425 0.215625 0.0921875
5 0.6859375 0.43515625 0.1953125 0.1046875
24 0.48046875 0.459375 0.1359375 0.0453125