27 0.76796875 0.5703125 0.1140625 0.134375
21 0.4140625 0.58203125 0.1453125 0.090625
5 0.58828125 0.5875 0.1640625 0.0953125
20 0.6578125 0.81015625 0.0984375 0.1421875
11 0.35078125 0.8671875 0.0734375 0.06875
18 0.36953125 0.8890625 0.059375 0.109375
8 0.640625 0.925 0.2265625 0.1234375
7 0.725 0.2140625 0.0921875 0.053125
3 0.5140625 0.2234375 0.1453125 0.0375
13 0.39375 0.42109375 0.16875 0.1390625
26 0.55234375 0.44765625 0.1375 0.08125
28 0.7921875 0.45703125 0.1171875 0.0734375
28 0.68125 0.4578125 0.075 0.0578125