26 0.37890625 0.571875 0.1265625 0.0890625
8 0.75234375 0.61171875 0.1984375 0.1015625
6 0.54375 0.6140625 0.2359375 0.0890625
1 0.7703125 0.88671875 0.175 0.1375
17 0.38671875 0.90078125 0.1890625 0.0875
11 0.6234375 0.92265625 0.090625 0.08125
7 0.59609375 0.21640625 0.0875 0.0546875
23 0.4125 0.2109375 0.1953125 0.065625
14 0.72421875 0.228125 0.1125 0.05
19 0.8140625 0.23359375 0.1265625 0.04375
5 0.40234375 0.41640625 0.1796875 0.0640625
18 0.75390625 0.440625 0.0703125 0.125
29 0.5671875 0.44921875 0.1328125 0.0796875
28 0.40859375 0.45703125 0.2796875 0.078125