13 0.47890625 0.5609375 0.140625 0.11875
3 0.36015625 0.6125 0.1328125 0.0609375
6 0.765625 0.63046875 0.1859375 0.0796875
24 0.57265625 0.625 0.140625 0.053125
19 0.35 0.8765625 0.15 0.0859375
2 0.73828125 0.89375 0.203125 0.103125
1 0.5671875 0.9078125 0.2109375 0.0953125
13 0.8203125 0.203125 0.125 0.1046875
15 0.4234375 0.21796875 0.265625 0.0609375
20 0.60234375 0.39609375 0.10625 0.15
25 0.4359375 0.43984375 0.25625 0.096875
29 0.5703125 0.46328125 0.19375 0.0734375
16 0.753125 0.47109375 0.196875 0.0640625