8 0.725 0.58828125 0.2125 0.0921875
5 0.3859375 0.58984375 0.165625 0.0875
23 0.5453125 0.60078125 0.1671875 0.090625
20 0.6015625 0.82734375 0.09375 0.1640625
20 0.51015625 0.828125 0.103125 0.1609375
13 0.38828125 0.86328125 0.1234375 0.15
0 0.74296875 0.865625 0.1734375 0.1046875
27 0.3484375 0.17578125 0.1015625 0.13125
7 0.7203125 0.20859375 0.090625 0.0421875
6 0.50625 0.22109375 0.225 0.053125
28 0.68125 0.44453125 0.059375 0.046875
28 0.79140625 0.44765625 0.115625 0.08125
26 0.3859375 0.453125 0.1359375 0.08125
15 0.5734375 0.4609375 0.2625 0.0640625