26 0.3828125 0.57421875 0.140625 0.0859375
8 0.74921875 0.6125 0.190625 0.1
6 0.54296875 0.61640625 0.23125 0.08125
16 0.7171875 0.91015625 0.1921875 0.1109375
17 0.38984375 0.90546875 0.178125 0.0828125
7 0.59609375 0.2140625 0.084375 0.0515625
23 0.40390625 0.21171875 0.1703125 0.0609375
14 0.72578125 0.225 0.103125 0.059375
19 0.81171875 0.2328125 0.1453125 0.0484375
5 0.40546875 0.41484375 0.1640625 0.0625
18 0.75234375 0.4375 0.0640625 0.1203125
29 0.56953125 0.446875 0.1421875 0.08125
28 0.41171875 0.45625 0.2796875 0.0859375