3 0.71171875 0.46796875 0.121875 0.0421875
13 0.41484375 0.5640625 0.153125 0.11875
8 0.75703125 0.603125 0.2 0.0953125
6 0.55703125 0.6125 0.225 0.078125
1 0.78984375 0.87578125 0.175 0.109375
17 0.403125 0.90625 0.18125 0.075
11 0.63359375 0.91875 0.096875 0.0875
23 0.409375 0.20859375 0.165625 0.053125
7 0.5859375 0.2125 0.08125 0.0515625
14 0.71640625 0.221875 0.115625 0.059375
19 0.803125 0.22734375 0.1375 0.04375
25 0.40625 0.40859375 0.253125 0.171875
29 0.56953125 0.44453125 0.140625 0.078125