17 0.54140625 0.46953125 0.2203125 0.034375
8 0.72734375 0.5859375 0.2078125 0.090625
7 0.3765625 0.603125 0.1171875 0.06875
23 0.5515625 0.60390625 0.1609375 0.08125
20 0.59765625 0.8265625 0.10625 0.1703125
13 0.390625 0.859375 0.1421875 0.15625
0 0.73359375 0.8640625 0.1828125 0.0921875
1 0.54765625 0.909375 0.225 0.078125
20 0.7359375 0.16953125 0.0921875 0.153125
27 0.34765625 0.1765625 0.1 0.128125
6 0.50078125 0.221875 0.21875 0.053125
28 0.7921875 0.45078125 0.121875 0.0765625
26 0.36171875 0.4515625 0.140625 0.08125
28 0.6875 0.45234375 0.078125 0.0515625