27 0.7421875 0.5671875 0.1125 0.13125
13 0.325 0.5828125 0.1234375 0.115625
1 0.6296875 0.6078125 0.2015625 0.0828125
24 0.44296875 0.62734375 0.134375 0.0453125
18 0.3296875 0.84296875 0.053125 0.096875
22 0.44765625 0.85078125 0.1875 0.0890625
11 0.69453125 0.86015625 0.0703125 0.065625
3 0.56796875 0.9046875 0.1421875 0.08125
19 0.73671875 0.909375 0.15625 0.0875
17 0.38671875 0.93671875 0.2328125 0.0921875
13 0.33671875 0.1765625 0.1609375 0.14375
23 0.7109375 0.21796875 0.16875 0.059375
20 0.3359375 0.409375 0.1 0.171875
27 0.73046875 0.421875 0.115625 0.128125
15 0.525 0.46484375 0.2453125 0.05625