27 0.7546875 0.5515625 0.1171875 0.1390625
13 0.33828125 0.5953125 0.1390625 0.1296875
25 0.53359375 0.60078125 0.3203125 0.121875
20 0.6609375 0.80859375 0.10625 0.1640625
18 0.34765625 0.8515625 0.059375 0.1
7 0.62578125 0.90703125 0.153125 0.096875
13 0.3109375 0.17421875 0.1890625 0.153125
5 0.47734375 0.20390625 0.2046875 0.0859375
0 0.6015625 0.20625 0.2796875 0.08125
29 0.76953125 0.20546875 0.0953125 0.0546875
26 0.38515625 0.4578125 0.1390625 0.090625
19 0.6953125 0.4453125 0.2046875 0.0546875
6 0.53828125 0.45625 0.2015625 0.0765625