26 0.38125 0.571875 0.1421875 0.0875
8 0.74765625 0.6171875 0.190625 0.103125
6 0.540625 0.6171875 0.2328125 0.084375
16 0.71015625 0.9140625 0.19375 0.1140625
17 0.3828125 0.90390625 0.178125 0.0859375
7 0.60078125 0.215625 0.084375 0.053125
23 0.40859375 0.21015625 0.171875 0.0640625
14 0.73125 0.22890625 0.1046875 0.0609375
19 0.81640625 0.23828125 0.1453125 0.0515625
5 0.40703125 0.41328125 0.165625 0.0640625
18 0.753125 0.4421875 0.065625 0.1203125
29 0.57109375 0.4484375 0.1421875 0.0828125
28 0.4125 0.4546875 0.2796875 0.090625