10 0.3796875 0.46953125 0.134375 0.0359375
8 0.59375 0.59453125 0.1984375 0.1171875
16 0.76640625 0.60703125 0.2015625 0.0671875
9 0.4015625 0.60625 0.18125 0.0703125
23 0.56640625 0.89140625 0.134375 0.0859375
24 0.721875 0.8984375 0.1453125 0.0765625
2 0.38984375 0.8953125 0.196875 0.1125
27 0.78671875 0.1796875 0.1125 0.1390625
1 0.59296875 0.20234375 0.1578125 0.0890625
26 0.4234375 0.20859375 0.146875 0.0703125
12 0.56328125 0.45390625 0.159375 0.0625
6 0.76484375 0.46328125 0.165625 0.0640625