1 0.425 0.58515625 0.146875 0.0875
8 0.75234375 0.6046875 0.2 0.0921875
29 0.56015625 0.60546875 0.1578125 0.0875
11 0.33671875 0.6203125 0.0765625 0.065625
23 0.6453125 0.86484375 0.1421875 0.09375
22 0.76796875 0.8671875 0.1375 0.128125
26 0.51015625 0.87109375 0.1421875 0.1
2 0.36953125 0.896875 0.1515625 0.1015625
7 0.57421875 0.21171875 0.0796875 0.05
14 0.7125 0.21875 0.1125 0.053125
19 0.79453125 0.22265625 0.13125 0.034375
18 0.74453125 0.40546875 0.05625 0.065625
5 0.38203125 0.44609375 0.203125 0.09375
15 0.778125 0.44921875 0.1890625 0.0875
6 0.61640625 0.4609375 0.196875 0.059375