27 0.7671875 0.575 0.1171875 0.1359375
21 0.4125 0.58046875 0.146875 0.09375
5 0.58671875 0.5890625 0.1640625 0.0984375
20 0.65234375 0.8125 0.1 0.14375
11 0.34453125 0.8640625 0.0734375 0.0703125
18 0.36328125 0.88671875 0.0609375 0.1109375
8 0.6328125 0.92734375 0.228125 0.1265625
7 0.73046875 0.21796875 0.0921875 0.0546875
3 0.51875 0.22421875 0.1453125 0.040625
13 0.3953125 0.41875 0.1703125 0.1421875
26 0.553125 0.4484375 0.1390625 0.084375
28 0.79296875 0.46171875 0.11875 0.075
28 0.68203125 0.4609375 0.0765625 0.059375