21 0.7875 0.58515625 0.15 0.0984375
1 0.646875 0.61171875 0.1765625 0.0828125
17 0.4171875 0.62734375 0.2046875 0.059375
19 0.72578125 0.8625 0.059375 0.04375
19 0.82109375 0.87265625 0.09375 0.08125
0 0.62578125 0.88125 0.1046875 0.109375
25 0.44296875 0.89921875 0.271875 0.1515625
0 0.75859375 0.90390625 0.0890625 0.06875
22 0.784375 0.1875 0.14375 0.096875
6 0.64921875 0.2171875 0.1640625 0.0453125
3 0.3453125 0.2296875 0.134375 0.0421875
24 0.5078125 0.225 0.1296875 0.034375
8 0.4140625 0.45078125 0.278125 0.090625
7 0.68515625 0.4515625 0.10625 0.0609375