26 0.63359375 0.5796875 0.11875 0.0671875
21 0.77578125 0.5859375 0.1546875 0.0890625
9 0.45390625 0.6125 0.2609375 0.0609375
5 0.390625 0.865625 0.165625 0.1140625
15 0.73359375 0.86796875 0.2484375 0.10625
4 0.56953125 0.884375 0.13125 0.0828125
10 0.53984375 0.9453125 0.2375 0.0515625
25 0.7921875 0.15625 0.1734375 0.1609375
12 0.6609375 0.21640625 0.1125 0.05
16 0.42734375 0.221875 0.2828125 0.0484375
27 0.40234375 0.41640625 0.134375 0.140625
18 0.53046875 0.4203125 0.06875 0.1078125
22 0.75234375 0.425 0.184375 0.1015625
28 0.590625 0.44609375 0.225 0.078125