22 0.5046875 0.58828125 0.14375 0.09375
21 0.3625 0.60390625 0.125 0.1
1 0.64921875 0.61875 0.178125 0.071875
19 0.7171875 0.87109375 0.053125 0.0375
19 0.8078125 0.884375 0.0875 0.078125
0 0.6125 0.88828125 0.103125 0.1
25 0.425 0.89375 0.2703125 0.153125
0 0.74921875 0.9109375 0.084375 0.0703125
6 0.659375 0.2234375 0.1625 0.0453125
3 0.35546875 0.225 0.125 0.0421875
24 0.5203125 0.23046875 0.1296875 0.0328125
29 0.4125 0.44921875 0.2875 0.08125
16 0.5890625 0.45078125 0.128125 0.0375
7 0.68671875 0.45625 0.1 0.053125