13 0.41015625 0.56015625 0.1578125 0.1265625
8 0.75625 0.60625 0.209375 0.0984375
6 0.553125 0.61328125 0.225 0.0796875
14 0.35859375 0.6109375 0.0984375 0.0640625
1 0.78203125 0.88046875 0.18125 0.134375
17 0.403125 0.90390625 0.1828125 0.08125
11 0.625 0.9203125 0.0796875 0.0796875
7 0.59375 0.2140625 0.09375 0.05625
3 0.76171875 0.23359375 0.1296875 0.028125
5 0.4046875 0.41875 0.1609375 0.059375
18 0.70703125 0.4359375 0.065625 0.10625
29 0.56640625 0.44453125 0.14375 0.078125
23 0.42734375 0.46328125 0.2578125 0.0625