27 0.73828125 0.57109375 0.1125 0.134375
13 0.3375 0.58046875 0.1265625 0.1203125
21 0.459375 0.5875 0.1453125 0.0984375
29 0.6078125 0.6109375 0.1546875 0.08125
11 0.7484375 0.62265625 0.08125 0.0671875
5 0.6796875 0.83359375 0.1546875 0.103125
1 0.553125 0.878125 0.1765625 0.1015625
2 0.37109375 0.88515625 0.1859375 0.1
6 0.7484375 0.90546875 0.20625 0.1171875
20 0.528125 0.159375 0.1109375 0.1796875
27 0.38046875 0.17734375 0.121875 0.128125
22 0.68125 0.19609375 0.18125 0.1046875
28 0.5171875 0.4484375 0.2171875 0.0796875
23 0.73828125 0.4578125 0.159375 0.0734375
14 0.35625 0.45546875 0.096875 0.0546875