3 0.46640625 0.46875 0.134375 0.046875
6 0.61875 0.47734375 0.1125 0.0359375
13 0.44140625 0.54375 0.146875 0.10625
5 0.5875 0.5765625 0.1734375 0.0859375
11 0.7609375 0.59921875 0.090625 0.0671875
8 0.440625 0.60703125 0.2953125 0.1125
16 0.709375 0.6265625 0.2390625 0.0609375
20 0.74453125 0.834375 0.090625 0.15
23 0.39296875 0.83984375 0.1515625 0.071875
20 0.7953125 0.86171875 0.1109375 0.175
28 0.5359375 0.85546875 0.1375 0.0765625
27 0.66015625 0.8703125 0.1125 0.1421875
17 0.37265625 0.9078125 0.2 0.0921875
1 0.76015625 0.93046875 0.203125 0.13125
2 0.5203125 0.93203125 0.1203125 0.0828125
19 0.35 0.9671875 0.059375 0.0375
25 0.359375 0.14765625 0.190625 0.1921875
27 0.78984375 0.19140625 0.103125 0.14375
18 0.84453125 0.2 0.0671875 0.128125
22 0.67734375 0.2 0.1375 0.090625
29 0.50234375 0.2125 0.1875 0.071875
15 0.78828125 0.4328125 0.1703125 0.159375
26 0.56796875 0.4359375 0.1171875 0.075
0 0.4078125 0.4390625 0.1703125 0.071875
6 0.74609375 0.46796875 0.1421875 0.0703125
14 0.340625 0.4578125 0.1 0.059375