21 0.7859375 0.590625 0.1484375 0.0953125
1 0.6453125 0.6140625 0.175 0.0796875
17 0.41484375 0.62578125 0.2046875 0.05625
19 0.71953125 0.86640625 0.0578125 0.0421875
19 0.81484375 0.878125 0.0921875 0.08125
0 0.61953125 0.8828125 0.103125 0.1078125
25 0.4359375 0.8984375 0.26875 0.146875
0 0.7515625 0.9078125 0.0875 0.0671875
22 0.78984375 0.1921875 0.1421875 0.0953125
6 0.6546875 0.21953125 0.1640625 0.0421875
3 0.35 0.2265625 0.1328125 0.0390625
24 0.5125 0.22578125 0.128125 0.03125
8 0.41484375 0.44921875 0.2765625 0.0859375
7 0.6859375 0.4546875 0.10625 0.059375