24 0.3390625 0.4625 0.13125 0.0421875
27 0.69296875 0.57265625 0.1140625 0.1359375
13 0.3265625 0.58515625 0.128125 0.1265625
21 0.45078125 0.59140625 0.140625 0.1
29 0.60234375 0.61171875 0.159375 0.0921875
5 0.67578125 0.83125 0.159375 0.09375
2 0.3703125 0.884375 0.2015625 0.10625
25 0.52734375 0.89296875 0.278125 0.1484375
6 0.74296875 0.909375 0.1984375 0.1140625
27 0.60078125 0.1875 0.1203125 0.1265625
8 0.7609375 0.215625 0.209375 0.084375
26 0.3828125 0.2046875 0.1703125 0.084375
18 0.3546875 0.4171875 0.0578125 0.1046875
28 0.515625 0.45078125 0.2125 0.08125
23 0.734375 0.4625 0.1671875 0.0765625