24 0.54140625 0.47109375 0.1515625 0.0375
22 0.37578125 0.59140625 0.1375 0.096875
8 0.75859375 0.6015625 0.1984375 0.09375
3 0.55078125 0.6234375 0.121875 0.0546875
6 0.3859375 0.88515625 0.178125 0.1234375
19 0.525 0.884375 0.159375 0.0828125
27 0.80078125 0.16953125 0.1234375 0.14375
26 0.64375 0.2 0.15 0.0875
1 0.390625 0.21875 0.2203125 0.065625
18 0.71171875 0.4328125 0.0671875 0.1140625
5 0.39609375 0.440625 0.1765625 0.090625
14 0.7078125 0.45 0.1 0.0515625
11 0.7921875 0.4546875 0.084375 0.0703125