27 0.746875 0.57265625 0.109375 0.1375
13 0.33359375 0.57578125 0.1265625 0.121875
25 0.51796875 0.603125 0.3125 0.109375
20 0.62890625 0.82109375 0.0984375 0.1640625
11 0.32578125 0.86328125 0.075 0.0703125
18 0.3453125 0.8859375 0.0625 0.1109375
7 0.58359375 0.915625 0.134375 0.09375
13 0.35 0.16796875 0.1609375 0.1515625
5 0.50390625 0.203125 0.1984375 0.084375
0 0.62578125 0.215625 0.28125 0.0796875
29 0.79375 0.2296875 0.1 0.05625
26 0.3890625 0.44453125 0.1453125 0.08125
19 0.69921875 0.46328125 0.2015625 0.053125
6 0.5453125 0.4625 0.196875 0.0765625