5 0.6296875 0.57421875 0.1671875 0.0953125
17 0.32421875 0.58046875 0.0703125 0.1453125
27 0.79375 0.58046875 0.1171875 0.14375
1 0.4421875 0.59140625 0.184375 0.0796875
21 0.67421875 0.5890625 0.196875 0.090625
20 0.76953125 0.81328125 0.0859375 0.1546875
20 0.6765625 0.81796875 0.1046875 0.165625
15 0.4046875 0.8640625 0.2109375 0.1234375
24 0.571875 0.8734375 0.115625 0.0640625
0 0.7546875 0.8828125 0.196875 0.09375
25 0.37421875 0.1859375 0.246875 0.125
22 0.7859375 0.18984375 0.13125 0.0984375
29 0.6515625 0.20859375 0.1625 0.06875
6 0.4671875 0.22265625 0.21875 0.0578125
8 0.4125 0.45078125 0.271875 0.0859375
7 0.72109375 0.45234375 0.1515625 0.0609375