5 0.5875 0.578125 0.178125 0.096875
17 0.32109375 0.57421875 0.0625 0.146875
1 0.4359375 0.58359375 0.1859375 0.071875
21 0.76171875 0.6046875 0.165625 0.0984375
3 0.4296875 0.62421875 0.134375 0.05625
20 0.66640625 0.821875 0.1015625 0.1578125
20 0.76171875 0.82578125 0.0890625 0.159375
15 0.39921875 0.865625 0.2 0.1125
24 0.56328125 0.8734375 0.1125 0.06875
0 0.7375 0.8953125 0.196875 0.0890625
22 0.796875 0.2015625 0.140625 0.0921875
6 0.6640625 0.22265625 0.1671875 0.0546875
8 0.42109375 0.45078125 0.2765625 0.0921875
7 0.690625 0.4609375 0.109375 0.0609375