22 0.50625 0.58828125 0.146875 0.096875
21 0.3640625 0.60625 0.1265625 0.1015625
1 0.6515625 0.61640625 0.1796875 0.075
19 0.7234375 0.8671875 0.053125 0.0390625
19 0.81484375 0.87890625 0.0875 0.0796875
0 0.61953125 0.8859375 0.10625 0.103125
25 0.43203125 0.8953125 0.2734375 0.1578125
0 0.75625 0.90625 0.0859375 0.071875
6 0.6546875 0.2203125 0.1625 0.0484375
3 0.35078125 0.22734375 0.125 0.04375
24 0.515625 0.23046875 0.1296875 0.034375
29 0.41171875 0.45078125 0.2890625 0.0859375
16 0.58828125 0.44921875 0.128125 0.040625
7 0.6859375 0.453125 0.1015625 0.0546875