25 0.45703125 0.56015625 0.259375 0.1125
11 0.7484375 0.59375 0.0796875 0.0671875
4 0.6046875 0.60234375 0.14375 0.0671875
6 0.3703125 0.62109375 0.1296875 0.059375
26 0.65546875 0.8796875 0.1453125 0.0859375
28 0.79609375 0.87734375 0.171875 0.13125
0 0.40703125 0.88671875 0.184375 0.0984375
20 0.64296875 0.1671875 0.10625 0.1578125
5 0.8 0.19375 0.1953125 0.09375
8 0.40390625 0.203125 0.2015625 0.0875
27 0.3921875 0.40859375 0.1171875 0.121875
7 0.75078125 0.44296875 0.128125 0.0609375
16 0.5609375 0.45703125 0.2484375 0.0625