27 0.75 0.559375 0.1078125 0.1359375
13 0.33828125 0.584375 0.1234375 0.11875
25 0.5234375 0.6015625 0.3109375 0.1046875
20 0.6453125 0.8140625 0.0953125 0.1625
11 0.34453125 0.87265625 0.0734375 0.06875
18 0.365625 0.89375 0.0609375 0.1109375
7 0.60546875 0.9109375 0.1328125 0.0921875
13 0.3328125 0.1765625 0.159375 0.1484375
5 0.48828125 0.203125 0.196875 0.08125
0 0.6109375 0.209375 0.28125 0.075
29 0.7796875 0.21484375 0.0984375 0.0546875
26 0.38671875 0.45078125 0.14375 0.078125
19 0.696875 0.453125 0.2015625 0.05
6 0.54296875 0.46015625 0.196875 0.0734375