6 0.62734375 0.478125 0.1125 0.0390625
5 0.70859375 0.59375 0.178125 0.0984375
1 0.54609375 0.60390625 0.2140625 0.1015625
11 0.34921875 0.60078125 0.08125 0.0671875
22 0.74609375 0.88125 0.1453125 0.121875
28 0.56484375 0.88984375 0.14375 0.1390625
23 0.359375 0.88359375 0.1765625 0.1203125
25 0.36953125 0.15546875 0.190625 0.175
7 0.52734375 0.2171875 0.09375 0.0484375
14 0.81171875 0.2296875 0.1109375 0.05
24 0.68515625 0.23671875 0.1375 0.03125
15 0.78984375 0.4296875 0.15625 0.1453125
18 0.3421875 0.4296875 0.0640625 0.1171875
26 0.57578125 0.44453125 0.125 0.096875
29 0.446875 0.446875 0.1578125 0.06875
6 0.74921875 0.46796875 0.134375 0.071875