2 0.73671875 0.45390625 0.2296875 0.065625
27 0.74296875 0.55546875 0.1109375 0.140625
13 0.33515625 0.59375 0.1265625 0.121875
22 0.459375 0.6015625 0.1546875 0.1078125
1 0.634375 0.603125 0.1984375 0.0921875
11 0.75625 0.6046875 0.0828125 0.0703125
5 0.70234375 0.81953125 0.15625 0.1046875
18 0.35546875 0.85078125 0.0625 0.1015625
3 0.56875 0.8859375 0.14375 0.0859375
19 0.73828125 0.89375 0.2109375 0.09375
17 0.40859375 0.9421875 0.2375 0.1078125
24 0.67265625 0.95625 0.1671875 0.071875
20 0.4953125 0.1625 0.1203125 0.196875
27 0.359375 0.18671875 0.128125 0.1328125
23 0.67578125 0.2078125 0.165625 0.071875
28 0.509375 0.4484375 0.2234375 0.0984375
14 0.35078125 0.46640625 0.0984375 0.059375