13 0.46953125 0.56015625 0.13125 0.1234375
23 0.5890625 0.60703125 0.178125 0.090625
1 0.3640625 0.60390625 0.1625 0.0859375
26 0.49375 0.8640625 0.1703125 0.0984375
19 0.34609375 0.87890625 0.121875 0.0796875
2 0.74609375 0.8890625 0.20625 0.0984375
27 0.38515625 0.17265625 0.1046875 0.1328125
13 0.80390625 0.1984375 0.1421875 0.103125
29 0.5375 0.21484375 0.175 0.065625
20 0.59296875 0.40078125 0.109375 0.1546875
25 0.41015625 0.4484375 0.278125 0.0953125
11 0.72890625 0.46015625 0.078125 0.0625