10 0.64921875 0.46484375 0.1140625 0.0390625
13 0.4203125 0.56953125 0.125 0.1203125
26 0.5515625 0.578125 0.1515625 0.0671875
9 0.728125 0.60703125 0.221875 0.0546875
27 0.67578125 0.8171875 0.10625 0.128125
15 0.79375 0.8890625 0.221875 0.115625
6 0.434375 0.91328125 0.2125 0.0734375
5 0.58671875 0.1984375 0.1875 0.0921875
23 0.7515625 0.19921875 0.1546875 0.071875
12 0.44921875 0.21640625 0.1296875 0.053125
20 0.371875 0.44453125 0.128125 0.0796875
21 0.77421875 0.43984375 0.159375 0.0734375
24 0.515625 0.46171875 0.1515625 0.046875