7 0.42421875 0.58984375 0.128125 0.053125
28 0.765625 0.6015625 0.1875 0.1
21 0.59609375 0.60234375 0.14375 0.0828125
4 0.42734375 0.87421875 0.1609375 0.0828125
2 0.6671875 0.87890625 0.2671875 0.1078125
13 0.80390625 0.19609375 0.1609375 0.10625
23 0.434375 0.20859375 0.1796875 0.0703125
24 0.65859375 0.23515625 0.1875 0.0359375
18 0.7515625 0.42109375 0.0609375 0.0921875
11 0.5875 0.44921875 0.0796875 0.0734375
25 0.70546875 0.459375 0.296875 0.071875
1 0.42421875 0.45546875 0.2171875 0.065625