22 0.3640625 0.57578125 0.15 0.1140625
25 0.515625 0.5953125 0.2625 0.0953125
15 0.7515625 0.61484375 0.2390625 0.103125
21 0.5515625 0.859375 0.196875 0.09375
0 0.71875 0.87578125 0.1671875 0.090625
23 0.384375 0.87421875 0.1796875 0.1046875
28 0.79375 0.9453125 0.1296875 0.0984375
28 0.66171875 0.9390625 0.1078125 0.10625
6 0.4046875 0.215625 0.209375 0.05625
3 0.58984375 0.2265625 0.140625 0.046875
26 0.3640625 0.44609375 0.1515625 0.0875
29 0.56953125 0.45703125 0.2140625 0.0859375
19 0.75 0.4765625 0.184375 0.0609375