13 0.4015625 0.565625 0.146875 0.1296875
8 0.76015625 0.5984375 0.2015625 0.0984375
21 0.36953125 0.6140625 0.1765625 0.1
6 0.5578125 0.6140625 0.21875 0.0734375
13 0.62890625 0.85234375 0.14375 0.1171875
1 0.79765625 0.87109375 0.16875 0.125
17 0.40859375 0.9078125 0.19375 0.090625
26 0.353125 0.203125 0.1546875 0.0875
7 0.5859375 0.21171875 0.096875 0.053125
24 0.77734375 0.2265625 0.140625 0.0296875
18 0.7671875 0.43125 0.078125 0.1171875
14 0.67109375 0.43515625 0.0984375 0.0296875
29 0.55546875 0.44453125 0.1484375 0.078125
23 0.40546875 0.45859375 0.1671875 0.06875
19 0.73125 0.45390625 0.1984375 0.05625