24 0.54296875 0.4734375 0.1515625 0.0390625
22 0.37109375 0.584375 0.1390625 0.0984375
8 0.753125 0.61484375 0.2 0.096875
3 0.54375 0.62578125 0.1234375 0.05625
6 0.365625 0.878125 0.1796875 0.1265625
19 0.5046875 0.88515625 0.1609375 0.0859375
27 0.8171875 0.1859375 0.1265625 0.1453125
26 0.659375 0.2078125 0.1515625 0.090625
1 0.40546875 0.2140625 0.2203125 0.06875
18 0.71484375 0.44453125 0.06875 0.1140625
5 0.39921875 0.43515625 0.178125 0.09375
14 0.71015625 0.4609375 0.1015625 0.053125
11 0.79453125 0.4703125 0.0859375 0.071875