10 0.6515625 0.478125 0.115625 0.040625
13 0.41484375 0.56171875 0.1265625 0.121875
26 0.54453125 0.58203125 0.1515625 0.0703125
9 0.71796875 0.6265625 0.221875 0.0578125
27 0.64765625 0.83125 0.109375 0.1296875
15 0.75859375 0.91328125 0.2234375 0.11875
6 0.39921875 0.90625 0.2140625 0.078125
5 0.6125 0.20703125 0.1890625 0.0953125
23 0.7765625 0.221875 0.15625 0.075
12 0.47421875 0.21328125 0.13125 0.0546875
20 0.37734375 0.43359375 0.128125 0.08125
21 0.778125 0.4640625 0.1609375 0.0765625
24 0.51875 0.46328125 0.1515625 0.0484375