13 0.48046875 0.56171875 0.1390625 0.115625
3 0.36171875 0.61484375 0.1328125 0.059375
6 0.76796875 0.62578125 0.184375 0.0765625
24 0.575 0.62421875 0.140625 0.05
19 0.35703125 0.87890625 0.1484375 0.0828125
2 0.74453125 0.88984375 0.2015625 0.1
1 0.57421875 0.90703125 0.209375 0.090625
13 0.81484375 0.19765625 0.1234375 0.1015625
15 0.41796875 0.21953125 0.265625 0.05625
20 0.6 0.39453125 0.1046875 0.1484375
25 0.434375 0.44140625 0.2546875 0.0921875
29 0.56953125 0.4625 0.19375 0.0703125
16 0.753125 0.4671875 0.1953125 0.0609375