22 0.503125 0.5890625 0.14375 0.1
5 0.72578125 0.6 0.178125 0.0984375
21 0.35234375 0.6015625 0.1578125 0.096875
19 0.70234375 0.88046875 0.0578125 0.0375
19 0.79140625 0.89375 0.0859375 0.08125
0 0.59296875 0.89375 0.1046875 0.1046875
25 0.415625 0.89453125 0.2796875 0.1578125
0 0.7328125 0.915625 0.0953125 0.0734375
8 0.77734375 0.21171875 0.2234375 0.084375
3 0.3640625 0.22109375 0.134375 0.040625
24 0.52421875 0.23125 0.13125 0.034375
26 0.38203125 0.42578125 0.11875 0.0625
7 0.51796875 0.45390625 0.1140625 0.0609375
14 0.6875 0.46015625 0.1046875 0.0609375
11 0.79375 0.46640625 0.0796875 0.0640625
6 0.353125 0.459375 0.1859375 0.0734375