8 0.75859375 0.6015625 0.209375 0.10625
2 0.465625 0.60625 0.278125 0.065625
9 0.7265625 0.87578125 0.2359375 0.1046875
16 0.3953125 0.87890625 0.184375 0.1015625
10 0.52109375 0.88671875 0.1046875 0.0828125
18 0.37734375 0.19296875 0.0609375 0.096875
22 0.74609375 0.2015625 0.1921875 0.0859375
7 0.51328125 0.215625 0.0890625 0.0515625
12 0.77265625 0.2203125 0.1625 0.053125
25 0.37421875 0.415625 0.178125 0.1421875
15 0.775 0.46171875 0.234375 0.0671875
4 0.5546875 0.45859375 0.1421875 0.0578125