13 0.484375 0.5625 0.1421875 0.1203125
3 0.3703125 0.62421875 0.134375 0.0640625
6 0.7765625 0.60703125 0.1875 0.0828125
24 0.58359375 0.61875 0.140625 0.0546875
19 0.38359375 0.8875 0.1515625 0.0875
2 0.77109375 0.87109375 0.2046875 0.1078125
1 0.60234375 0.90078125 0.2125 0.0984375
13 0.79296875 0.1765625 0.1265625 0.10625
15 0.3984375 0.22578125 0.2671875 0.065625
20 0.59296875 0.38828125 0.109375 0.1515625
25 0.43046875 0.44609375 0.2578125 0.1
29 0.56640625 0.45703125 0.1953125 0.0765625
16 0.75 0.44921875 0.196875 0.0671875