23 0.41640625 0.5796875 0.1359375 0.0640625
7 0.7625 0.609375 0.10625 0.053125
29 0.4546875 0.6125 0.14375 0.0671875
12 0.40390625 0.86875 0.1109375 0.06875
9 0.76640625 0.87734375 0.1515625 0.0859375
6 0.56015625 0.8890625 0.1171875 0.0953125
5 0.43203125 0.20234375 0.1640625 0.0796875
28 0.80390625 0.2140625 0.2203125 0.0765625
27 0.77109375 0.41796875 0.1203125 0.1234375
13 0.653125 0.42421875 0.0984375 0.109375
0 0.49765625 0.44453125 0.115625 0.0609375
11 0.3921875 0.45390625 0.078125 0.065625