22 0.7125 0.56796875 0.1625 0.0890625
2 0.3765625 0.60625 0.15625 0.0484375
24 0.58203125 0.6265625 0.16875 0.0625
29 0.4125 0.88515625 0.1609375 0.1
8 0.75390625 0.87578125 0.2 0.1203125
7 0.58046875 0.8828125 0.1078125 0.0890625
5 0.721875 0.18984375 0.1515625 0.0796875
25 0.5921875 0.20078125 0.296875 0.0921875
11 0.8015625 0.2 0.0890625 0.065625
3 0.35546875 0.2265625 0.1640625 0.0484375
26 0.49765625 0.43828125 0.1453125 0.08125
21 0.3515625 0.45078125 0.1234375 0.090625
15 0.72890625 0.45546875 0.2859375 0.0734375