2 0.571875 0.4703125 0.21875 0.0546875
13 0.578125 0.5875 0.165625 0.1140625
29 0.7296875 0.5875 0.14375 0.0765625
25 0.3984375 0.609375 0.2609375 0.078125
7 0.709375 0.88359375 0.11875 0.0734375
24 0.43515625 0.8921875 0.128125 0.0609375
27 0.33203125 0.178125 0.125 0.1375
27 0.584375 0.1796875 0.1171875 0.1234375
6 0.62578125 0.2078125 0.2984375 0.071875
0 0.44765625 0.21640625 0.15 0.0640625
11 0.7734375 0.2125 0.0828125 0.0546875
21 0.6984375 0.4328125 0.2015625 0.084375
8 0.35625 0.45234375 0.190625 0.090625