10 0.8109375 0.46640625 0.128125 0.034375
1 0.6296875 0.58359375 0.1046875 0.0890625
12 0.4625 0.59921875 0.1 0.0625
0 0.8109375 0.6 0.171875 0.0921875
20 0.478125 0.83671875 0.103125 0.1625
23 0.80078125 0.88828125 0.14375 0.1109375
15 0.6203125 0.8984375 0.2234375 0.1078125
18 0.83125 0.18515625 0.075 0.1078125
29 0.68359375 0.20625 0.1578125 0.071875
26 0.403125 0.21328125 0.1484375 0.0625
4 0.53125 0.215625 0.1375 0.053125
27 0.67734375 0.41015625 0.1109375 0.140625
25 0.46328125 0.446875 0.2640625 0.075