18 0.46484375 0.56796875 0.059375 0.121875
8 0.7484375 0.60859375 0.20625 0.103125
3 0.3703125 0.621875 0.1421875 0.0515625
25 0.78203125 0.859375 0.1578125 0.225
15 0.5078125 0.875 0.1984375 0.1078125
17 0.403125 0.90078125 0.2109375 0.0828125
26 0.3765625 0.20078125 0.165625 0.0890625
7 0.5859375 0.2140625 0.08125 0.0484375
14 0.71875 0.22109375 0.09375 0.0546875
19 0.80234375 0.228125 0.153125 0.0375
5 0.40234375 0.42109375 0.1796875 0.06875
29 0.56640625 0.44765625 0.1421875 0.0703125
23 0.75078125 0.4609375 0.1765625 0.06875
28 0.4078125 0.45859375 0.2859375 0.0828125