8 0.72578125 0.59453125 0.2171875 0.0984375
23 0.5375 0.60703125 0.159375 0.0734375
24 0.39453125 0.60859375 0.1171875 0.0578125
20 0.6578125 0.82109375 0.096875 0.1640625
11 0.35078125 0.8671875 0.071875 0.0703125
27 0.57734375 0.878125 0.1125 0.15
18 0.3703125 0.8890625 0.0609375 0.109375
27 0.41328125 0.1765625 0.109375 0.1328125
7 0.7265625 0.2140625 0.0859375 0.040625
28 0.69140625 0.45 0.0671875 0.046875
28 0.796875 0.45546875 0.1171875 0.0796875
26 0.39375 0.45078125 0.146875 0.08125
15 0.58671875 0.4625 0.253125 0.0671875