13 0.4109375 0.5578125 0.1546875 0.1203125
8 0.75390625 0.6 0.1984375 0.09375
21 0.36875 0.609375 0.184375 0.1
6 0.55234375 0.61328125 0.221875 0.08125
1 0.790625 0.871875 0.1796875 0.1265625
17 0.4203125 0.9078125 0.1859375 0.09375
11 0.640625 0.9125 0.084375 0.0734375
26 0.3546875 0.20390625 0.1625 0.0859375
7 0.584375 0.209375 0.1078125 0.053125
24 0.7703125 0.228125 0.1359375 0.028125
29 0.540625 0.44375 0.1328125 0.0796875
5 0.6453125 0.45 0.165625 0.0859375
19 0.75703125 0.45 0.1640625 0.05
2 0.3765625 0.46796875 0.1890625 0.059375