22 0.36328125 0.5796875 0.146875 0.103125
5 0.51796875 0.5921875 0.171875 0.1046875
7 0.6921875 0.6125 0.14375 0.0671875
19 0.7546875 0.8953125 0.15 0.0859375
29 0.3765625 0.88046875 0.171875 0.0921875
6 0.49921875 0.8890625 0.10625 0.096875
6 0.64453125 0.90625 0.0890625 0.0828125
8 0.78125 0.21796875 0.2265625 0.09375
3 0.36875 0.21796875 0.1296875 0.04375
24 0.52734375 0.23046875 0.13125 0.040625
26 0.375 0.43671875 0.15625 0.096875
14 0.68671875 0.46328125 0.103125 0.0609375
11 0.79375 0.4703125 0.0796875 0.0703125
23 0.54140625 0.4625 0.171875 0.0765625