10 0.575 0.471875 0.165625 0.0359375
26 0.8 0.5859375 0.1328125 0.084375
7 0.4328125 0.60625 0.1453125 0.059375
9 0.65546875 0.6046875 0.1640625 0.0578125
27 0.81640625 0.81796875 0.1015625 0.1421875
13 0.3828125 0.8515625 0.0984375 0.121875
15 0.53828125 0.86640625 0.2109375 0.1
6 0.72265625 0.86953125 0.128125 0.1046875
21 0.4515625 0.2078125 0.165625 0.0734375
23 0.7796875 0.2046875 0.1453125 0.059375
29 0.57890625 0.21171875 0.13125 0.0578125
20 0.459375 0.4 0.0859375 0.153125
5 0.753125 0.4265625 0.159375 0.084375
11 0.63984375 0.440625 0.071875 0.0625
12 0.41640625 0.45703125 0.10625 0.053125