27 0.771875 0.55625 0.1171875 0.1359375
21 0.41875 0.58671875 0.146875 0.09375
5 0.59296875 0.5828125 0.1640625 0.0984375
20 0.67421875 0.80078125 0.1 0.14375
11 0.3703125 0.87421875 0.0734375 0.0703125
18 0.390625 0.8953125 0.0609375 0.1109375
8 0.6625 0.9171875 0.228125 0.1265625
7 0.71015625 0.20234375 0.0921875 0.0546875
3 0.5 0.2234375 0.1453125 0.040625
13 0.38984375 0.4265625 0.1703125 0.1421875
26 0.55 0.4453125 0.1390625 0.084375
28 0.78984375 0.44140625 0.11875 0.075
28 0.67890625 0.4484375 0.0765625 0.059375