27 0.74921875 0.56796875 0.1140625 0.1359375
13 0.31796875 0.58046875 0.125 0.125
17 0.61328125 0.62109375 0.2515625 0.0671875
24 0.43828125 0.63046875 0.1359375 0.0640625
20 0.640625 0.8203125 0.0890625 0.1625
18 0.32265625 0.840625 0.0546875 0.1015625
22 0.4421875 0.85 0.1921875 0.0921875
23 0.36015625 0.91796875 0.159375 0.1125
0 0.61484375 0.92578125 0.1765625 0.09375
13 0.3296875 0.1671875 0.1875 0.15
26 0.6890625 0.21015625 0.1640625 0.0671875
27 0.75625 0.42578125 0.1171875 0.1265625
28 0.46328125 0.44140625 0.2375 0.0765625