27 0.76796875 0.56953125 0.1125 0.134375
13 0.353125 0.57890625 0.1671875 0.1125
26 0.56640625 0.59296875 0.15 0.0859375
20 0.65390625 0.81796875 0.0953125 0.159375
11 0.35078125 0.8671875 0.0734375 0.06875
18 0.36953125 0.88984375 0.0625 0.109375
7 0.609375 0.91640625 0.1375 0.0875
8 0.72734375 0.20703125 0.2203125 0.084375
3 0.52578125 0.22421875 0.140625 0.0390625
13 0.40078125 0.415625 0.1625 0.134375
21 0.57578125 0.45 0.1671875 0.1
28 0.79375 0.45625 0.1328125 0.0703125
28 0.68515625 0.4578125 0.0734375 0.0578125