6 0.628125 0.48046875 0.1140625 0.040625
5 0.70703125 0.59765625 0.178125 0.1015625
1 0.54453125 0.6046875 0.2140625 0.1046875
11 0.34765625 0.5984375 0.0828125 0.06875
22 0.73984375 0.8859375 0.146875 0.1234375
28 0.5578125 0.89140625 0.146875 0.140625
23 0.35234375 0.88125 0.1796875 0.1234375
25 0.37578125 0.153125 0.1921875 0.178125
7 0.53203125 0.21796875 0.09375 0.05
14 0.81640625 0.23515625 0.1125 0.0515625
24 0.68984375 0.23984375 0.1375 0.0328125
15 0.79140625 0.434375 0.159375 0.146875
18 0.34375 0.4265625 0.065625 0.1171875
26 0.5765625 0.44609375 0.125 0.0984375
29 0.4484375 0.4453125 0.159375 0.071875
6 0.74921875 0.47265625 0.1359375 0.075