6 0.62734375 0.47421875 0.1109375 0.0359375
13 0.4453125 0.56171875 0.15 0.1390625
5 0.5890625 0.58046875 0.1796875 0.09375
8 0.6890625 0.6046875 0.284375 0.0984375
20 0.7578125 0.83515625 0.1015625 0.1609375
1 0.61875 0.85390625 0.2046875 0.1
20 0.79921875 0.8578125 0.1078125 0.165625
28 0.36328125 0.88125 0.178125 0.125
25 0.3609375 0.15546875 0.1953125 0.1765625
27 0.54140625 0.1796875 0.1234375 0.1296875
22 0.6765625 0.20234375 0.1625 0.0890625
14 0.8109375 0.2234375 0.109375 0.046875
15 0.7890625 0.4234375 0.16875 0.15
18 0.33984375 0.4328125 0.065625 0.1171875
26 0.5734375 0.4390625 0.1296875 0.090625
29 0.44140625 0.446875 0.1453125 0.06875
6 0.7421875 0.46484375 0.134375 0.071875