27 0.746875 0.5734375 0.1109375 0.1359375
13 0.3421875 0.57734375 0.13125 0.109375
24 0.6 0.61875 0.128125 0.0515625
20 0.63203125 0.815625 0.1 0.153125
18 0.3171875 0.83671875 0.05625 0.1015625
2 0.58359375 0.90546875 0.2640625 0.0875
23 0.35234375 0.915625 0.16875 0.1171875
13 0.34453125 0.16796875 0.1546875 0.153125
5 0.50546875 0.20390625 0.1953125 0.0875
29 0.74296875 0.221875 0.2 0.0765625
26 0.38515625 0.44140625 0.1453125 0.0796875
19 0.69453125 0.46171875 0.19375 0.046875
6 0.5421875 0.4609375 0.2 0.0703125