10 0.64921875 0.46796875 0.1140625 0.0375
13 0.41875 0.56796875 0.1234375 0.1171875
26 0.55 0.57890625 0.15 0.065625
9 0.7265625 0.6109375 0.221875 0.05
27 0.6703125 0.8203125 0.1046875 0.1265625
15 0.78671875 0.89453125 0.2203125 0.1109375
6 0.42734375 0.9125 0.2125 0.0703125
5 0.59140625 0.2 0.1859375 0.0890625
23 0.75625 0.203125 0.1546875 0.0703125
12 0.4546875 0.215625 0.1296875 0.05
20 0.3734375 0.4421875 0.1265625 0.0765625
21 0.775 0.44453125 0.1578125 0.0703125
24 0.51640625 0.4625 0.15 0.04375