24 0.375 0.46484375 0.14375 0.046875
22 0.36328125 0.5765625 0.15625 0.115625
14 0.7359375 0.6265625 0.1109375 0.06875
16 0.54375 0.6203125 0.19375 0.0796875
21 0.5578125 0.8625 0.2046875 0.096875
13 0.5609375 0.88203125 0.171875 0.1640625
11 0.6890625 0.90703125 0.078125 0.0765625
15 0.346875 0.9125 0.2109375 0.1328125
27 0.390625 0.17109375 0.1125 0.13125
26 0.77890625 0.22421875 0.1390625 0.075
1 0.6 0.21796875 0.190625 0.0640625
20 0.578125 0.40703125 0.1046875 0.16875
3 0.76484375 0.47421875 0.1578125 0.0578125