2 0.77734375 0.4828125 0.2140625 0.0640625
22 0.36484375 0.57578125 0.1546875 0.1140625
25 0.515625 0.6 0.2703125 0.1015625
15 0.75703125 0.6125 0.246875 0.1078125
21 0.56015625 0.85703125 0.2015625 0.10625
18 0.69921875 0.87890625 0.0671875 0.1
23 0.3671875 0.8859375 0.1765625 0.1203125
28 0.66328125 0.92734375 0.3546875 0.1421875
26 0.775 0.21953125 0.15 0.0734375
19 0.39453125 0.21484375 0.1375 0.046875
3 0.590625 0.2265625 0.14375 0.0484375
29 0.56328125 0.4453125 0.1671875 0.0859375
7 0.40234375 0.44609375 0.1453125 0.0671875