1 0.428125 0.58671875 0.1765625 0.1015625
8 0.7515625 0.6140625 0.2046875 0.1015625
29 0.55390625 0.6078125 0.159375 0.0921875
11 0.34296875 0.6203125 0.0953125 0.0828125
22 0.7578125 0.865625 0.128125 0.115625
26 0.50078125 0.87421875 0.13125 0.0984375
23 0.63515625 0.88046875 0.1328125 0.1015625
2 0.3625 0.88828125 0.1296875 0.0734375
7 0.5859375 0.215625 0.08125 0.05
14 0.71875 0.22421875 0.115625 0.0515625
19 0.8125 0.234375 0.115625 0.0390625
5 0.396875 0.40625 0.19375 0.05
18 0.7484375 0.425 0.0609375 0.0875
15 0.79140625 0.465625 0.171875 0.10625
6 0.621875 0.4609375 0.1921875 0.0671875
28 0.4015625 0.45703125 0.265625 0.0875