27 0.7484375 0.5703125 0.1125 0.1328125
13 0.32578125 0.5796875 0.1265625 0.1421875
17 0.6140625 0.61953125 0.2484375 0.06875
24 0.4453125 0.62421875 0.1234375 0.05
20 0.63984375 0.82109375 0.1015625 0.1609375
18 0.3234375 0.83984375 0.0546875 0.0984375
0 0.621875 0.91953125 0.1796875 0.090625
23 0.34921875 0.91875 0.1703125 0.11875
13 0.3390625 0.17578125 0.1515625 0.140625
26 0.69140625 0.21171875 0.165625 0.0765625
27 0.75859375 0.42734375 0.1171875 0.128125
28 0.40859375 0.4390625 0.11875 0.084375