6 0.62890625 0.47578125 0.1109375 0.034375
13 0.4453125 0.55 0.1453125 0.1046875
5 0.59296875 0.58125 0.16875 0.09375
11 0.7578125 0.596875 0.0953125 0.06875
8 0.43671875 0.60078125 0.2875 0.1125
3 0.69296875 0.6234375 0.1453125 0.053125
20 0.7515625 0.83359375 0.096875 0.1453125
27 0.64140625 0.84921875 0.1046875 0.134375
23 0.3921875 0.840625 0.1390625 0.0828125
20 0.7921875 0.8703125 0.1078125 0.1828125
1 0.76015625 0.92578125 0.2015625 0.128125
28 0.36171875 0.915625 0.2 0.128125
2 0.534375 0.9265625 0.1421875 0.084375
25 0.3640625 0.15078125 0.1953125 0.19375
27 0.5421875 0.17890625 0.1234375 0.1453125
22 0.6875 0.19921875 0.153125 0.096875
14 0.81484375 0.23359375 0.09375 0.05
15 0.78359375 0.43125 0.1625 0.15
18 0.3359375 0.4296875 0.0609375 0.121875
26 0.571875 0.43828125 0.11875 0.0765625
0 0.4390625 0.4515625 0.159375 0.078125
6 0.74609375 0.47109375 0.13125 0.0765625