8 0.75625 0.6109375 0.209375 0.0984375
29 0.5609375 0.61015625 0.1546875 0.090625
3 0.36875 0.62109375 0.1375 0.0515625
25 0.78203125 0.8609375 0.15 0.2234375
21 0.65078125 0.878125 0.1390625 0.115625
17 0.39375 0.8984375 0.2015625 0.084375
26 0.38125 0.1984375 0.16875 0.0921875
7 0.58828125 0.21328125 0.0828125 0.0484375
14 0.7203125 0.2265625 0.1015625 0.05
19 0.80625 0.23046875 0.1328125 0.0453125
18 0.75078125 0.41171875 0.0625 0.06875
5 0.40078125 0.4265625 0.1859375 0.0734375
15 0.7828125 0.45625 0.1796875 0.09375
28 0.39765625 0.45703125 0.2765625 0.078125
6 0.62421875 0.46171875 0.196875 0.0671875