26 0.403125 0.60078125 0.134375 0.0890625
28 0.78671875 0.5828125 0.1796875 0.084375
21 0.5640625 0.59921875 0.1625 0.084375
4 0.428125 0.87421875 0.153125 0.09375
22 0.62265625 0.8765625 0.20625 0.115625
9 0.79140625 0.87265625 0.209375 0.115625
13 0.43125 0.184375 0.128125 0.1328125
11 0.35 0.22109375 0.0859375 0.065625
15 0.5953125 0.2109375 0.153125 0.0765625
0 0.76953125 0.20234375 0.1125 0.0703125
20 0.7765625 0.38125 0.1 0.1546875
7 0.61328125 0.44453125 0.1328125 0.0609375
12 0.384375 0.46796875 0.125 0.071875