15 0.6484375 0.55546875 0.265625 0.09375
21 0.359375 0.5828125 0.2203125 0.0953125
25 0.62890625 0.60078125 0.2390625 0.0984375
22 0.275 0.8625 0.13125 0.103125
3 0.43515625 0.87578125 0.1453125 0.075
16 0.6671875 0.884375 0.203125 0.109375
18 0.4484375 0.190625 0.06875 0.1046875
26 0.29609375 0.19453125 0.165625 0.0765625
29 0.5515625 0.21171875 0.165625 0.0828125
1 0.69296875 0.221875 0.121875 0.0578125
8 0.3203125 0.409375 0.2140625 0.0890625
5 0.690625 0.4515625 0.19375 0.1015625
24 0.484375 0.4578125 0.134375 0.04375