29 0.73046875 0.578125 0.1453125 0.0875
13 0.584375 0.5875 0.1703125 0.1125
25 0.40625 0.6125 0.2640625 0.096875
5 0.7046875 0.81875 0.1546875 0.109375
2 0.4 0.89296875 0.1890625 0.10625
6 0.784375 0.88984375 0.1984375 0.11875
27 0.5734375 0.17890625 0.1234375 0.128125
7 0.36953125 0.2140625 0.159375 0.0625
8 0.73984375 0.1953125 0.2140625 0.09375
18 0.34765625 0.4296875 0.0625 0.1046875
21 0.70703125 0.42734375 0.2015625 0.096875
28 0.54140625 0.446875 0.225 0.103125
11 0.75078125 0.4484375 0.08125 0.0671875
24 0.3359375 0.4734375 0.1375 0.04375