27 0.753125 0.5515625 0.11875 0.1390625
13 0.34921875 0.60390625 0.13125 0.1484375
24 0.61171875 0.609375 0.125 0.053125
20 0.6578125 0.8015625 0.1078125 0.15
18 0.34609375 0.85390625 0.0578125 0.10625
2 0.61875 0.8984375 0.26875 0.09375
23 0.38671875 0.9296875 0.178125 0.13125
13 0.31328125 0.1890625 0.16875 0.1703125
5 0.47734375 0.2046875 0.196875 0.0859375
0 0.60546875 0.20625 0.2875 0.084375
29 0.77265625 0.20390625 0.103125 0.059375
26 0.38671875 0.45234375 0.153125 0.090625
19 0.6953125 0.44609375 0.2046875 0.05625
6 0.53984375 0.45703125 0.1984375 0.078125