6 0.6234375 0.47734375 0.109375 0.0390625
13 0.44609375 0.54765625 0.14375 0.115625
5 0.5875 0.58203125 0.16875 0.0921875
11 0.7609375 0.6046875 0.0796875 0.065625
8 0.43359375 0.60390625 0.2875 0.109375
3 0.690625 0.6203125 0.1453125 0.0515625
20 0.7484375 0.83125 0.10625 0.1484375
27 0.6421875 0.8453125 0.10625 0.13125
23 0.3875 0.840625 0.1609375 0.0671875
20 0.79375 0.86328125 0.1125 0.1765625
1 0.75078125 0.928125 0.184375 0.1421875
28 0.35859375 0.92109375 0.19375 0.11875
2 0.53203125 0.92890625 0.1375 0.075
25 0.36484375 0.1515625 0.19375 0.190625
27 0.79140625 0.19296875 0.09375 0.1265625
18 0.84375 0.20078125 0.071875 0.109375
22 0.684375 0.20390625 0.1484375 0.103125
29 0.503125 0.21484375 0.1671875 0.06875
15 0.7796875 0.43359375 0.1671875 0.15
26 0.5703125 0.44140625 0.1171875 0.08125
0 0.40703125 0.4421875 0.18125 0.0671875
6 0.75078125 0.4671875 0.1421875 0.0703125
14 0.33984375 0.45703125 0.0953125 0.0625