22 0.36875 0.58203125 0.1453125 0.1015625
5 0.521875 0.59375 0.171875 0.103125
7 0.6921875 0.609375 0.146875 0.0671875
19 0.70390625 0.87890625 0.0609375 0.0390625
19 0.79296875 0.89375 0.0953125 0.084375
29 0.38671875 0.88046875 0.1828125 0.0890625
0 0.59453125 0.89375 0.1015625 0.10625
0 0.734375 0.9171875 0.090625 0.071875
8 0.78203125 0.2109375 0.23125 0.0890625
3 0.365625 0.21953125 0.1296875 0.0375
24 0.5296875 0.23046875 0.1453125 0.0453125
26 0.3765625 0.4359375 0.1359375 0.0953125
14 0.6859375 0.46015625 0.103125 0.0609375
11 0.7953125 0.46640625 0.08125 0.06875
23 0.53359375 0.465625 0.15625 0.0734375