3 0.62265625 0.47265625 0.1484375 0.0484375
13 0.41171875 0.5640625 0.1515625 0.1390625
8 0.7515625 0.6078125 0.2046875 0.09375
21 0.359375 0.60703125 0.140625 0.103125
6 0.553125 0.61484375 0.2234375 0.0796875
1 0.778125 0.88046875 0.1703125 0.125
17 0.4125 0.90546875 0.1875 0.0953125
11 0.628125 0.91640625 0.090625 0.0765625
26 0.36484375 0.20234375 0.1578125 0.0890625
7 0.59375 0.21484375 0.1015625 0.0515625
24 0.7859375 0.23046875 0.11875 0.03125
14 0.67109375 0.44375 0.096875 0.0375
29 0.5609375 0.44453125 0.1578125 0.078125
5 0.384375 0.4421875 0.1546875 0.0953125
19 0.73828125 0.46015625 0.1984375 0.04375