2 0.7828125 0.4578125 0.19375 0.05625
22 0.37109375 0.58828125 0.1546875 0.1125
25 0.53046875 0.596875 0.2734375 0.096875
15 0.77578125 0.590625 0.2359375 0.109375
21 0.58203125 0.85 0.175 0.096875
0 0.75 0.85703125 0.16875 0.1015625
23 0.41796875 0.88984375 0.1609375 0.121875
28 0.640625 0.91484375 0.115625 0.09375
28 0.8171875 0.90859375 0.125 0.090625
19 0.37109375 0.22578125 0.1359375 0.0421875
3 0.56875 0.2203125 0.1421875 0.04375
26 0.3609375 0.45859375 0.140625 0.0828125
6 0.5625 0.45703125 0.2640625 0.065625