5 0.709375 0.58671875 0.178125 0.09375
1 0.55 0.59921875 0.209375 0.0953125
11 0.35078125 0.60546875 0.075 0.0640625
22 0.75625 0.87265625 0.134375 0.115625
23 0.375 0.88671875 0.15625 0.0953125
28 0.57265625 0.890625 0.1515625 0.13125
7 0.45859375 0.21328125 0.146875 0.0546875
14 0.8 0.21875 0.1109375 0.046875
24 0.6640625 0.23359375 0.1375 0.0234375
15 0.78671875 0.42265625 0.146875 0.134375
18 0.3375 0.43359375 0.0609375 0.115625
26 0.65390625 0.44453125 0.1484375 0.09375
29 0.44765625 0.44765625 0.1609375 0.0609375