13 0.33984375 0.58046875 0.1140625 0.11875
29 0.72578125 0.59375 0.14375 0.084375
21 0.4640625 0.5921875 0.134375 0.09375
5 0.68203125 0.828125 0.1515625 0.090625
2 0.375 0.884375 0.190625 0.096875
6 0.75703125 0.90546875 0.2 0.1109375
25 0.54140625 0.9046875 0.2671875 0.146875
27 0.5984375 0.1859375 0.1203125 0.1234375
8 0.75625 0.2109375 0.2109375 0.0796875
7 0.39140625 0.20546875 0.1515625 0.0625
18 0.353125 0.41875 0.05625 0.1
28 0.5421875 0.45078125 0.2140625 0.0796875
16 0.759375 0.46875 0.2234375 0.0625
24 0.340625 0.4625 0.115625 0.0359375