13 0.4125 0.559375 0.1578125 0.1234375
8 0.75546875 0.59609375 0.2 0.096875
21 0.37109375 0.61171875 0.1859375 0.103125
6 0.55390625 0.6125 0.2234375 0.0859375
1 0.79765625 0.86640625 0.18125 0.1296875
17 0.42734375 0.909375 0.1875 0.096875
11 0.64765625 0.91015625 0.0859375 0.075
26 0.35 0.20625 0.1640625 0.0890625
7 0.57890625 0.2078125 0.1078125 0.0546875
24 0.765625 0.2234375 0.1359375 0.0296875
29 0.5390625 0.44296875 0.134375 0.08125
5 0.64453125 0.44765625 0.1671875 0.0890625
19 0.75625 0.44609375 0.1640625 0.053125
2 0.3765625 0.4703125 0.190625 0.0625