0 0.5921875 0.60078125 0.203125 0.096875
9 0.76953125 0.61796875 0.221875 0.0828125
16 0.4015625 0.60625 0.1921875 0.078125
2 0.61875 0.890625 0.2140625 0.1109375
15 0.39453125 0.884375 0.215625 0.1296875
10 0.77265625 0.909375 0.134375 0.0890625
18 0.83046875 0.20234375 0.06875 0.10625
26 0.396875 0.20390625 0.1625 0.071875
11 0.7421875 0.22421875 0.0890625 0.0625
7 0.584375 0.22265625 0.1015625 0.0546875
8 0.79140625 0.4515625 0.1984375 0.0984375
4 0.59375 0.45234375 0.1796875 0.0625
12 0.42578125 0.4546875 0.1625 0.0546875