15 0.6375 0.5609375 0.2453125 0.0921875
21 0.30859375 0.58125 0.159375 0.103125
25 0.62734375 0.59921875 0.234375 0.1015625
17 0.45390625 0.59921875 0.153125 0.090625
22 0.2703125 0.8578125 0.1328125 0.10625
3 0.43515625 0.86796875 0.1390625 0.0703125
16 0.6546875 0.8859375 0.221875 0.10625
18 0.4578125 0.1921875 0.0640625 0.10625
26 0.30625 0.19375 0.153125 0.084375
29 0.5609375 0.2140625 0.1671875 0.08125
1 0.6921875 0.2234375 0.1390625 0.06875
8 0.32734375 0.409375 0.225 0.09375
5 0.69921875 0.46015625 0.19375 0.1015625
24 0.49140625 0.45703125 0.1421875 0.046875