5 0.61796875 0.56640625 0.15625 0.0625
26 0.39765625 0.571875 0.159375 0.078125
27 0.78359375 0.5984375 0.1203125 0.1484375
21 0.6328125 0.60546875 0.20625 0.1015625
3 0.42890625 0.6234375 0.15 0.0640625
20 0.74296875 0.834375 0.0953125 0.165625
20 0.66015625 0.8296875 0.103125 0.1703125
24 0.546875 0.8640625 0.121875 0.05625
8 0.75234375 0.934375 0.2140625 0.128125
23 0.52265625 0.928125 0.1765625 0.1234375
1 0.3453125 0.9359375 0.1875 0.103125
25 0.39140625 0.175 0.2515625 0.1296875
22 0.81171875 0.215625 0.134375 0.096875
6 0.484375 0.2125 0.221875 0.065625
29 0.66796875 0.22265625 0.1609375 0.0703125
13 0.646875 0.43515625 0.165625 0.1078125
0 0.39921875 0.43125 0.1546875 0.0640625
14 0.52890625 0.45625 0.096875 0.059375
7 0.425 0.45234375 0.1375 0.0640625