23 0.5140625 0.5921875 0.24375 0.078125
11 0.35703125 0.6109375 0.078125 0.0671875
6 0.746875 0.6109375 0.24375 0.0703125
20 0.63515625 0.81875 0.09375 0.1734375
20 0.64140625 0.8421875 0.096875 0.159375
26 0.50703125 0.86484375 0.1625 0.0984375
19 0.36953125 0.8859375 0.1265625 0.0828125
27 0.371875 0.18125 0.1046875 0.1359375
13 0.78203125 0.18203125 0.121875 0.109375
29 0.52890625 0.21328125 0.1703125 0.0671875
25 0.415625 0.45078125 0.2703125 0.0890625
15 0.69609375 0.45390625 0.2421875 0.071875