10 0.65 0.4703125 0.1125 0.034375
26 0.5484375 0.5796875 0.15 0.0625
23 0.515625 0.61015625 0.209375 0.0703125
9 0.72421875 0.61484375 0.2203125 0.046875
27 0.5953125 0.8609375 0.1203125 0.140625
15 0.75859375 0.86171875 0.2203125 0.109375
24 0.44140625 0.88359375 0.13125 0.06875
13 0.7859375 0.19609375 0.109375 0.096875
5 0.60859375 0.20078125 0.190625 0.078125
12 0.4640625 0.215625 0.11875 0.046875
20 0.37421875 0.43984375 0.125 0.075
21 0.77578125 0.44921875 0.15625 0.06875
7 0.5203125 0.45078125 0.08125 0.046875