29 0.72890625 0.58203125 0.14375 0.0859375
13 0.5828125 0.58828125 0.16875 0.109375
25 0.4046875 0.6109375 0.2625 0.0921875
5 0.69921875 0.821875 0.153125 0.10625
2 0.39296875 0.89140625 0.1875 0.103125
6 0.77734375 0.89453125 0.196875 0.115625
27 0.57890625 0.1796875 0.121875 0.1265625
7 0.37421875 0.21171875 0.1578125 0.059375
8 0.7453125 0.2 0.2125 0.090625
18 0.34921875 0.42734375 0.0609375 0.103125
21 0.70859375 0.43125 0.2 0.09375
28 0.5421875 0.44765625 0.2234375 0.1
11 0.7515625 0.453125 0.0796875 0.065625
24 0.33671875 0.4703125 0.1359375 0.0421875