3 0.62265625 0.47421875 0.1484375 0.0515625
13 0.41015625 0.5625 0.153125 0.140625
8 0.74921875 0.61171875 0.20625 0.0984375
21 0.35703125 0.6046875 0.1421875 0.10625
6 0.5515625 0.615625 0.225 0.0828125
1 0.77109375 0.88515625 0.171875 0.128125
17 0.40546875 0.90390625 0.1890625 0.0984375
11 0.6203125 0.91875 0.0921875 0.078125
26 0.36953125 0.2 0.159375 0.0921875
7 0.59921875 0.21640625 0.1015625 0.053125
24 0.790625 0.2359375 0.11875 0.034375
14 0.67265625 0.446875 0.096875 0.0390625
29 0.56171875 0.44609375 0.159375 0.08125
5 0.3859375 0.440625 0.15625 0.0984375
19 0.7390625 0.46484375 0.1984375 0.046875