0 0.39453125 0.58828125 0.1859375 0.0796875
4 0.53203125 0.61484375 0.1875 0.0796875
10 0.73359375 0.6328125 0.1296875 0.05625
7 0.3796875 0.8671875 0.140625 0.0640625
26 0.5703125 0.87890625 0.125 0.0859375
9 0.7453125 0.91875 0.215625 0.115625
27 0.79765625 0.190625 0.121875 0.1421875
29 0.5171875 0.2125 0.2171875 0.075
12 0.3703125 0.20859375 0.1171875 0.0515625
25 0.3953125 0.4078125 0.196875 0.15625
18 0.5375 0.42265625 0.0703125 0.10625
22 0.7625 0.44375 0.1859375 0.1109375
28 0.59296875 0.4515625 0.225 0.0859375