13 0.40390625 0.55390625 0.1578125 0.128125
26 0.35546875 0.5984375 0.1328125 0.096875
8 0.75703125 0.60703125 0.1984375 0.1046875
6 0.5484375 0.61484375 0.225 0.075
1 0.78359375 0.88046875 0.1671875 0.121875
17 0.3953125 0.903125 0.1953125 0.0875
11 0.62890625 0.91953125 0.0890625 0.0765625
5 0.39296875 0.19765625 0.2 0.0921875
7 0.5953125 0.2171875 0.1078125 0.0578125
29 0.55625 0.44609375 0.1640625 0.0765625
19 0.71171875 0.46640625 0.2578125 0.065625
2 0.37578125 0.4609375 0.1984375 0.0578125