13 0.58828125 0.58984375 0.16875 0.11875
29 0.7265625 0.590625 0.146875 0.08125
25 0.38984375 0.60703125 0.26875 0.084375
2 0.38046875 0.88671875 0.184375 0.09375
24 0.54140625 0.890625 0.125 0.059375
7 0.74765625 0.890625 0.109375 0.075
27 0.34140625 0.1765625 0.11875 0.1375
27 0.59140625 0.18359375 0.11875 0.121875
6 0.63515625 0.21328125 0.303125 0.071875
0 0.4546875 0.215625 0.1625 0.0640625
11 0.78046875 0.21640625 0.0796875 0.053125
21 0.703125 0.43984375 0.2 0.090625
8 0.3578125 0.44609375 0.209375 0.090625