17 0.540625 0.46796875 0.221875 0.040625
8 0.73046875 0.578125 0.2109375 0.096875
7 0.38046875 0.60703125 0.11875 0.071875
23 0.55546875 0.60234375 0.1640625 0.0859375
20 0.609375 0.82265625 0.1125 0.1734375
13 0.403125 0.86328125 0.146875 0.1609375
0 0.74609375 0.85546875 0.1859375 0.0984375
1 0.56171875 0.9078125 0.228125 0.0859375
20 0.72421875 0.16171875 0.096875 0.15625
27 0.33671875 0.18203125 0.1046875 0.1328125
6 0.49140625 0.221875 0.2203125 0.0609375
28 0.790625 0.440625 0.125 0.08125
26 0.36015625 0.45625 0.1421875 0.0859375
28 0.6859375 0.44609375 0.0796875 0.0546875