3 0.71015625 0.4609375 0.1234375 0.046875
13 0.4171875 0.5671875 0.1578125 0.1234375
8 0.76015625 0.59375 0.2046875 0.1015625
6 0.5609375 0.61015625 0.228125 0.0859375
1 0.803125 0.865625 0.1796875 0.115625
17 0.4171875 0.909375 0.184375 0.08125
11 0.6484375 0.9140625 0.1 0.090625
23 0.39921875 0.21171875 0.1671875 0.059375
7 0.57578125 0.209375 0.0828125 0.0546875
14 0.70625 0.21484375 0.1171875 0.0625
19 0.79375 0.2171875 0.1375 0.05
25 0.403125 0.41171875 0.259375 0.1796875
29 0.5671875 0.4421875 0.14375 0.084375