8 0.54765625 0.5828125 0.253125 0.0921875
9 0.79140625 0.59609375 0.1671875 0.0546875
15 0.659375 0.8296875 0.1875 0.1140625
13 0.51640625 0.8640625 0.134375 0.13125
4 0.4046875 0.88828125 0.1453125 0.0921875
21 0.7171875 0.88671875 0.153125 0.08125
23 0.5265625 0.2109375 0.1953125 0.0640625
12 0.36953125 0.2203125 0.1171875 0.0515625
24 0.78203125 0.2171875 0.1765625 0.0390625
20 0.7328125 0.3890625 0.1078125 0.153125
29 0.41171875 0.45625 0.1546875 0.071875
7 0.8109375 0.44453125 0.1390625 0.0609375
16 0.5953125 0.4578125 0.1984375 0.05625