22 0.3671875 0.5796875 0.146875 0.1046875
5 0.5203125 0.59453125 0.1734375 0.10625
7 0.690625 0.6125 0.146875 0.06875
19 0.69765625 0.8828125 0.0625 0.040625
19 0.7859375 0.89921875 0.096875 0.0859375
29 0.3796875 0.87890625 0.184375 0.0921875
0 0.5875 0.8953125 0.103125 0.1078125
0 0.7265625 0.92109375 0.0921875 0.0734375
8 0.7875 0.21640625 0.23125 0.0921875
3 0.37109375 0.2171875 0.1296875 0.0390625
24 0.534375 0.23125 0.1453125 0.046875
26 0.37734375 0.434375 0.1375 0.0984375
14 0.68671875 0.46328125 0.103125 0.0625
11 0.7953125 0.471875 0.0828125 0.0703125
23 0.53359375 0.46640625 0.1578125 0.0765625