10 0.396875 0.47109375 0.11875 0.034375
23 0.4890625 0.58203125 0.153125 0.078125
28 0.76171875 0.59921875 0.1796875 0.096875
21 0.5875 0.603125 0.1578125 0.0796875
7 0.41953125 0.60390625 0.1265625 0.065625
26 0.528125 0.8515625 0.1484375 0.0953125
15 0.71328125 0.875 0.2578125 0.1078125
4 0.38984375 0.87265625 0.134375 0.0890625
13 0.80234375 0.1984375 0.1078125 0.1140625
24 0.684375 0.23203125 0.1390625 0.0296875
18 0.74921875 0.42578125 0.059375 0.103125
11 0.57734375 0.44765625 0.078125 0.06875
25 0.703125 0.45703125 0.2828125 0.0734375