1 0.43359375 0.5875 0.1546875 0.1125
8 0.74921875 0.61796875 0.209375 0.10625
29 0.5546875 0.6078125 0.1484375 0.096875
11 0.33828125 0.60859375 0.0875 0.075
22 0.734375 0.878125 0.1515625 0.125
23 0.42265625 0.8625 0.2375 0.075
26 0.35078125 0.915625 0.16875 0.115625
17 0.56796875 0.95 0.2234375 0.096875
7 0.59140625 0.21796875 0.0859375 0.0578125
14 0.72578125 0.23046875 0.11875 0.0578125
19 0.809375 0.23828125 0.13125 0.0484375
18 0.74921875 0.42265625 0.0578125 0.06875
27 0.55625 0.41796875 0.1125 0.1421875
15 0.771875 0.4640625 0.221875 0.1015625
5 0.41953125 0.446875 0.1921875 0.1015625
28 0.609375 0.46953125 0.0890625 0.0609375