28 0.56484375 0.5765625 0.2859375 0.0890625
26 0.39453125 0.6078125 0.1765625 0.08125
22 0.41875 0.86796875 0.19375 0.103125
9 0.78125 0.88515625 0.2109375 0.115625
4 0.634375 0.8890625 0.14375 0.0890625
13 0.44375 0.1828125 0.1296875 0.128125
15 0.60703125 0.2125 0.1609375 0.08125
11 0.3640625 0.2171875 0.0875 0.0640625
0 0.78671875 0.2140625 0.1109375 0.071875
20 0.41484375 0.4 0.0921875 0.1578125
7 0.75234375 0.43984375 0.0734375 0.05625
12 0.38046875 0.46328125 0.1125 0.0640625
16 0.55390625 0.46484375 0.190625 0.05625