22 0.37265625 0.58828125 0.1484375 0.1125
11 0.54140625 0.59921875 0.0765625 0.0671875
15 0.721875 0.59375 0.25 0.1078125
13 0.59609375 0.84140625 0.159375 0.084375
0 0.75546875 0.8546875 0.178125 0.1
23 0.4140625 0.8796875 0.1578125 0.1109375
1 0.5625 0.909375 0.221875 0.090625
20 0.72109375 0.16171875 0.09375 0.1578125
6 0.38046875 0.22578125 0.2125 0.059375
3 0.5671875 0.2203125 0.1359375 0.0453125
26 0.3609375 0.45703125 0.1421875 0.08125
29 0.56640625 0.45078125 0.2140625 0.08125
19 0.74765625 0.4546875 0.1875 0.059375