27 0.5328125 0.57109375 0.1109375 0.1328125
5 0.371875 0.59609375 0.171875 0.096875
1 0.678125 0.615625 0.19375 0.0734375
22 0.67578125 0.8734375 0.140625 0.1296875
21 0.53515625 0.87421875 0.1421875 0.1140625
0 0.7921875 0.8796875 0.1296875 0.1328125
19 0.3578125 0.87890625 0.1390625 0.0828125
29 0.3984375 0.2 0.1953125 0.08125
25 0.734375 0.20625 0.2484375 0.0875
15 0.54296875 0.215625 0.171875 0.0609375
23 0.72109375 0.453125 0.1203125 0.0578125
7 0.62890625 0.46015625 0.1453125 0.0625
16 0.396875 0.4609375 0.1890625 0.0578125