13 0.40703125 0.5515625 0.159375 0.1265625
8 0.746875 0.61796875 0.2015625 0.1
21 0.36171875 0.6 0.1875 0.10625
6 0.54375 0.61640625 0.2234375 0.0890625
1 0.7640625 0.890625 0.184375 0.1328125
17 0.3921875 0.90078125 0.1890625 0.1
11 0.61171875 0.92109375 0.0859375 0.0765625
26 0.37578125 0.19453125 0.165625 0.0921875
7 0.60390625 0.215625 0.109375 0.0578125
24 0.78828125 0.24765625 0.1359375 0.0328125
29 0.54453125 0.446875 0.134375 0.084375
5 0.6484375 0.46015625 0.16875 0.0921875
19 0.76015625 0.46796875 0.1640625 0.05625
2 0.3796875 0.459375 0.190625 0.065625