6 0.6203125 0.46953125 0.115625 0.0375
5 0.58828125 0.57421875 0.184375 0.096875
1 0.46015625 0.58046875 0.16875 0.0875
11 0.71953125 0.59765625 0.08125 0.0671875
20 0.7703125 0.81875 0.1046875 0.159375
20 0.81796875 0.8390625 0.10625 0.16875
23 0.6296875 0.88359375 0.209375 0.1046875
28 0.37734375 0.8953125 0.175 0.128125
25 0.32890625 0.16328125 0.196875 0.1796875
7 0.50234375 0.21484375 0.090625 0.0515625
14 0.78671875 0.20859375 0.1140625 0.0484375
24 0.6609375 0.2296875 0.140625 0.028125
15 0.78359375 0.4109375 0.1625 0.1421875
18 0.33359375 0.440625 0.0671875 0.1171875
26 0.57421875 0.4390625 0.1328125 0.0859375
29 0.43984375 0.45 0.1515625 0.0734375
6 0.7390625 0.4484375 0.1375 0.0703125