26 0.3890625 0.584375 0.1421875 0.0875
8 0.75859375 0.590625 0.190625 0.103125
6 0.553125 0.6125 0.2328125 0.084375
16 0.75234375 0.88984375 0.19375 0.1140625
17 0.42578125 0.9140625 0.178125 0.0859375
7 0.5703125 0.20703125 0.084375 0.053125
23 0.37890625 0.221875 0.171875 0.0640625
14 0.7015625 0.20625 0.1046875 0.0609375
19 0.7875 0.20625 0.1453125 0.0515625
5 0.3984375 0.4234375 0.165625 0.0640625
18 0.74609375 0.415625 0.065625 0.1203125
29 0.56484375 0.44140625 0.1421875 0.0828125
28 0.4078125 0.4640625 0.2796875 0.090625