1 0.43359375 0.5921875 0.140625 0.0875
8 0.74921875 0.60390625 0.2125 0.09375
29 0.565625 0.60546875 0.15 0.0875
11 0.34609375 0.61875 0.084375 0.06875
22 0.7578125 0.8609375 0.146875 0.103125
23 0.43671875 0.8671875 0.225 0.0625
26 0.37578125 0.92421875 0.175 0.109375
17 0.61484375 0.94921875 0.2734375 0.09375
7 0.54140625 0.21171875 0.0859375 0.046875
14 0.709375 0.21953125 0.115625 0.0609375
19 0.8046875 0.22109375 0.121875 0.0515625
24 0.384375 0.23046875 0.134375 0.0234375
27 0.553125 0.4109375 0.1015625 0.125
18 0.75078125 0.41328125 0.075 0.084375
15 0.42578125 0.44609375 0.265625 0.1
28 0.60703125 0.46484375 0.1078125 0.059375
6 0.76484375 0.465625 0.2375 0.059375