7 0.42265625 0.58984375 0.128125 0.0546875
28 0.75703125 0.60546875 0.1703125 0.0984375
21 0.596875 0.60234375 0.1453125 0.0828125
10 0.41875 0.634375 0.2453125 0.04375
2 0.6640625 0.87265625 0.271875 0.0890625
4 0.4296875 0.8671875 0.165625 0.084375
13 0.80859375 0.20390625 0.16875 0.115625
23 0.44453125 0.209375 0.184375 0.0734375
24 0.665625 0.2375 0.18125 0.0328125
18 0.7546875 0.43046875 0.0625 0.1078125
11 0.5875 0.4484375 0.08125 0.071875
25 0.70703125 0.4609375 0.2921875 0.078125
1 0.4265625 0.453125 0.2140625 0.06875