24 0.3390625 0.478125 0.1328125 0.05
27 0.74453125 0.55390625 0.1171875 0.1375
21 0.459375 0.5890625 0.140625 0.0859375
13 0.3390625 0.59609375 0.1375 0.11875
29 0.6125 0.6046875 0.1734375 0.103125
5 0.70390625 0.8203125 0.15625 0.109375
2 0.409375 0.89453125 0.2109375 0.1078125
25 0.5640625 0.88828125 0.2859375 0.1578125
6 0.78046875 0.884375 0.21875 0.125
27 0.57421875 0.17890625 0.121875 0.125
26 0.35625 0.2125 0.18125 0.090625
8 0.7359375 0.19375 0.2140625 0.103125
11 0.3953125 0.4546875 0.0765625 0.0640625
28 0.51484375 0.4515625 0.228125 0.08125
23 0.7296875 0.440625 0.165625 0.0703125