6 0.628125 0.47109375 0.109375 0.03125
13 0.446875 0.5515625 0.1421875 0.1
5 0.59609375 0.578125 0.165625 0.0875
11 0.7609375 0.5875 0.09375 0.065625
8 0.440625 0.603125 0.284375 0.103125
3 0.696875 0.61640625 0.14375 0.046875
20 0.76328125 0.82421875 0.0921875 0.1421875
27 0.653125 0.84375 0.1 0.13125
23 0.40390625 0.84453125 0.1359375 0.078125
20 0.8046875 0.86015625 0.103125 0.1796875
1 0.775 0.91640625 0.196875 0.121875
28 0.3765625 0.9203125 0.1953125 0.121875
2 0.54921875 0.925 0.140625 0.078125
25 0.3515625 0.15546875 0.1890625 0.1875
27 0.53125 0.17734375 0.11875 0.140625
22 0.6765625 0.19296875 0.15 0.0921875
14 0.80546875 0.22265625 0.0921875 0.046875
15 0.78125 0.42109375 0.15625 0.1453125
18 0.33359375 0.43515625 0.05625 0.11875
26 0.56953125 0.4359375 0.115625 0.071875
0 0.4375 0.45390625 0.15625 0.071875
6 0.7453125 0.4625 0.128125 0.071875