17 0.5421875 0.4703125 0.2203125 0.0375
8 0.72578125 0.58984375 0.209375 0.09375
7 0.375 0.60078125 0.11875 0.0703125
23 0.55 0.6046875 0.1625 0.0828125
20 0.5921875 0.828125 0.109375 0.171875
13 0.384375 0.85703125 0.1453125 0.1578125
0 0.72734375 0.86796875 0.184375 0.0953125
1 0.540625 0.91015625 0.2265625 0.08125
20 0.74140625 0.1734375 0.0953125 0.15625
27 0.353125 0.17421875 0.103125 0.13125
6 0.50546875 0.221875 0.2203125 0.0578125
28 0.79296875 0.45625 0.1234375 0.078125
26 0.3625 0.44921875 0.140625 0.084375
28 0.68828125 0.45546875 0.0796875 0.053125