22 0.60078125 0.5828125 0.1375 0.0953125
14 0.7875 0.5875 0.1171875 0.0625
11 0.434375 0.6046875 0.0890625 0.0734375
19 0.790625 0.86171875 0.0890625 0.0578125
29 0.4171875 0.88515625 0.1578125 0.1046875
19 0.70078125 0.8828125 0.0734375 0.059375
3 0.590625 0.8921875 0.1390625 0.0765625
19 0.7734375 0.921875 0.0734375 0.0453125
27 0.35390625 0.18046875 0.14375 0.1484375
0 0.759375 0.20078125 0.178125 0.071875
24 0.5921875 0.221875 0.1453125 0.0375
1 0.75234375 0.43984375 0.159375 0.0734375
26 0.60625 0.44609375 0.1734375 0.0859375
7 0.4296875 0.459375 0.14375 0.065625