10 0.6515625 0.478125 0.115625 0.040625
26 0.54453125 0.58203125 0.1515625 0.0703125
23 0.51015625 0.6109375 0.2125 0.08125
9 0.71796875 0.6265625 0.221875 0.0578125
27 0.5765625 0.865625 0.128125 0.1453125
15 0.7390625 0.875 0.225 0.1203125
24 0.42109375 0.8796875 0.134375 0.075
13 0.8015625 0.21171875 0.1140625 0.103125
5 0.62421875 0.20703125 0.19375 0.0890625
12 0.47890625 0.2140625 0.1203125 0.053125
20 0.37734375 0.43359375 0.128125 0.08125
21 0.778125 0.4640625 0.1609375 0.0765625
7 0.52265625 0.4515625 0.084375 0.0515625