1 0.4296875 0.5890625 0.1515625 0.0953125
8 0.7578125 0.59140625 0.2046875 0.103125
29 0.565625 0.60234375 0.1625 0.0953125
11 0.34296875 0.62890625 0.0796875 0.0703125
23 0.6640625 0.85703125 0.146875 0.1015625
22 0.78671875 0.85234375 0.14375 0.134375
26 0.5296875 0.8703125 0.146875 0.1078125
2 0.390625 0.903125 0.15625 0.109375
7 0.559375 0.20859375 0.0828125 0.0546875
14 0.69765625 0.2078125 0.1140625 0.0578125
19 0.7796875 0.2078125 0.134375 0.0421875
18 0.7390625 0.39296875 0.0609375 0.0671875
5 0.3796875 0.45234375 0.20625 0.103125
15 0.775 0.434375 0.19375 0.0984375
6 0.6140625 0.4546875 0.1984375 0.06875