5 0.71328125 0.57578125 0.18125 0.1015625
1 0.55546875 0.59609375 0.2140625 0.10625
11 0.35625 0.61328125 0.0796875 0.0671875
22 0.77578125 0.85859375 0.140625 0.1234375
23 0.3953125 0.89296875 0.1609375 0.103125
28 0.59296875 0.8859375 0.1578125 0.1375
7 0.44375 0.215625 0.15 0.0625
14 0.78515625 0.203125 0.1125 0.0515625
24 0.65 0.225 0.1375 0.03125
15 0.78203125 0.4078125 0.153125 0.140625
18 0.334375 0.4421875 0.0671875 0.1171875
26 0.65078125 0.43671875 0.153125 0.1
29 0.4453125 0.45078125 0.1640625 0.06875