27 0.74921875 0.5734375 0.115625 0.1359375
13 0.33046875 0.58046875 0.1375 0.1265625
25 0.52421875 0.603125 0.31875 0.1171875
20 0.63359375 0.82109375 0.103125 0.1625
18 0.31796875 0.83671875 0.0578125 0.1
7 0.5890625 0.91640625 0.1515625 0.0953125
13 0.33984375 0.159375 0.1859375 0.15
5 0.503125 0.203125 0.2046875 0.0828125
0 0.62734375 0.215625 0.2796875 0.0765625
29 0.79375 0.23046875 0.09375 0.053125
26 0.3890625 0.44765625 0.1375 0.0875
19 0.69921875 0.4625 0.203125 0.0515625
6 0.5421875 0.46015625 0.2 0.0734375