5 0.6296875 0.5765625 0.1703125 0.08125
27 0.7921875 0.590625 0.1234375 0.14375
1 0.44296875 0.5875 0.1984375 0.075
21 0.67265625 0.59765625 0.1828125 0.0890625
3 0.52578125 0.6265625 0.11875 0.0515625
20 0.75546875 0.8234375 0.1015625 0.1625
20 0.6671875 0.821875 0.096875 0.1609375
15 0.40078125 0.8640625 0.20625 0.1203125
24 0.55859375 0.875 0.1078125 0.059375
23 0.78984375 0.93671875 0.1953125 0.115625
17 0.55859375 0.95234375 0.196875 0.09375
22 0.796875 0.20234375 0.1265625 0.0921875
25 0.38359375 0.1953125 0.2609375 0.0859375
6 0.4765625 0.2140625 0.2171875 0.0640625
29 0.65703125 0.2171875 0.159375 0.065625
26 0.375 0.43984375 0.1375 0.0859375
7 0.72421875 0.459375 0.1484375 0.0546875
14 0.60078125 0.46328125 0.1015625 0.0609375