27 0.53046875 0.571875 0.115625 0.1375
5 0.36875 0.59140625 0.175 0.103125
1 0.67421875 0.621875 0.196875 0.0796875
22 0.6625 0.8796875 0.1453125 0.134375
21 0.521875 0.875 0.1453125 0.11875
0 0.778125 0.8890625 0.134375 0.1375
19 0.34453125 0.8734375 0.1421875 0.0875
29 0.40859375 0.19609375 0.1984375 0.0875
25 0.74453125 0.21484375 0.2515625 0.0953125
15 0.553125 0.2171875 0.1734375 0.0671875
23 0.72265625 0.4609375 0.121875 0.0625
7 0.63046875 0.46484375 0.146875 0.0671875
16 0.3984375 0.45703125 0.190625 0.0640625