11 0.65390625 0.57265625 0.0734375 0.0609375
15 0.53359375 0.5984375 0.21875 0.0828125
10 0.74921875 0.60546875 0.1234375 0.05
27 0.56484375 0.83046875 0.10625 0.1375
29 0.709375 0.85703125 0.178125 0.090625
13 0.4015625 0.88359375 0.153125 0.1171875
27 0.515625 0.17734375 0.125 0.140625
26 0.79453125 0.203125 0.1421875 0.0640625
6 0.36484375 0.21953125 0.11875 0.0515625
19 0.64921875 0.21953125 0.14375 0.05
0 0.4046875 0.45 0.1859375 0.0734375
4 0.7671875 0.4484375 0.140625 0.059375
16 0.5953125 0.459375 0.1890625 0.05625