22 0.375 0.590625 0.140625 0.0984375
8 0.7578125 0.6015625 0.20625 0.0984375
3 0.55 0.62578125 0.125 0.05625
28 0.64375 0.87265625 0.14375 0.1171875
23 0.76953125 0.8765625 0.1609375 0.1078125
19 0.5140625 0.88125 0.15 0.090625
6 0.3828125 0.88828125 0.1875 0.125
27 0.7921875 0.171875 0.134375 0.146875
26 0.6515625 0.20078125 0.165625 0.0921875
7 0.3921875 0.2125 0.1125 0.0484375
15 0.45078125 0.4453125 0.25 0.1015625
29 0.58359375 0.4546875 0.1796875 0.0703125
14 0.7109375 0.45234375 0.0984375 0.0609375
11 0.790625 0.453125 0.0796875 0.06875