3 0.7140625 0.46796875 0.1140625 0.04375
13 0.4078125 0.56328125 0.1625 0.115625
8 0.76015625 0.60234375 0.2 0.1
6 0.55234375 0.61640625 0.21875 0.075
1 0.784375 0.875 0.178125 0.11875
17 0.425 0.90546875 0.19375 0.08125
11 0.63671875 0.915625 0.090625 0.075
23 0.39609375 0.209375 0.1859375 0.075
7 0.584375 0.2125 0.0859375 0.053125
14 0.70859375 0.22109375 0.090625 0.0515625
19 0.7984375 0.22421875 0.146875 0.0421875
5 0.40078125 0.42421875 0.171875 0.05625
29 0.565625 0.44453125 0.140625 0.0734375
28 0.40703125 0.45625 0.28125 0.078125