27 0.75078125 0.5640625 0.1078125 0.1328125
13 0.33359375 0.58203125 0.11875 0.10625
17 0.61171875 0.61796875 0.25625 0.0625
24 0.44453125 0.6265625 0.128125 0.0421875
20 0.646875 0.81796875 0.1 0.153125
18 0.32890625 0.84296875 0.053125 0.0984375
0 0.6328125 0.9203125 0.178125 0.09375
23 0.36484375 0.925 0.1703125 0.121875
13 0.33125 0.1765625 0.16875 0.140625
29 0.7328125 0.21328125 0.20625 0.06875
27 0.75625 0.421875 0.115625 0.125
1 0.4078125 0.44609375 0.19375 0.0625
26 0.61796875 0.4484375 0.140625 0.08125