23 0.5109375 0.590625 0.246875 0.065625
11 0.35 0.60390625 0.078125 0.0640625
6 0.7390625 0.6234375 0.2328125 0.06875
20 0.615625 0.81953125 0.090625 0.153125
20 0.62578125 0.846875 0.096875 0.1609375
26 0.4796875 0.86796875 0.1609375 0.0984375
19 0.34765625 0.8796875 0.1203125 0.0828125
27 0.3859375 0.17265625 0.10625 0.134375
13 0.7984375 0.19453125 0.1171875 0.1140625
29 0.53984375 0.215625 0.1765625 0.0640625
25 0.4140625 0.44453125 0.2765625 0.090625
2 0.69140625 0.46484375 0.19375 0.0546875