17 0.32890625 0.58203125 0.071875 0.15
1 0.40546875 0.5875 0.140625 0.071875
21 0.7796875 0.596875 0.140625 0.09375
25 0.5796875 0.59921875 0.290625 0.11875
20 0.6734375 0.82265625 0.0921875 0.15625
20 0.76171875 0.8234375 0.0875 0.159375
15 0.40078125 0.865625 0.228125 0.1125
24 0.5671875 0.87734375 0.1 0.0609375
0 0.74453125 0.890625 0.196875 0.09375
22 0.7921875 0.19609375 0.128125 0.09375
6 0.6484375 0.2203125 0.184375 0.046875
3 0.353125 0.22265625 0.125 0.0421875
8 0.4140625 0.45 0.284375 0.078125
7 0.6859375 0.45625 0.10625 0.0546875