13 0.40390625 0.55234375 0.1578125 0.128125
26 0.35078125 0.59453125 0.1375 0.0953125
8 0.74921875 0.6125 0.203125 0.103125
6 0.5484375 0.6140625 0.2234375 0.08125
1 0.77578125 0.88515625 0.1671875 0.1328125
17 0.3953125 0.89921875 0.178125 0.0890625
11 0.61953125 0.92265625 0.0828125 0.08125
5 0.39453125 0.19296875 0.2015625 0.1
7 0.60078125 0.2140625 0.1125 0.0546875
24 0.7890625 0.23828125 0.1359375 0.0296875
29 0.5578125 0.4484375 0.15625 0.08125
14 0.6703125 0.45625 0.103125 0.053125
19 0.70703125 0.465625 0.26875 0.0703125
2 0.378125 0.45703125 0.1828125 0.065625