10 0.42109375 0.478125 0.2375 0.034375
28 0.76484375 0.59453125 0.1734375 0.0921875
21 0.60078125 0.6015625 0.15 0.075
7 0.43125 0.6046875 0.1359375 0.0578125
26 0.53828125 0.8546875 0.1390625 0.096875
15 0.728125 0.871875 0.24375 0.1
4 0.4 0.87421875 0.134375 0.0875
13 0.803125 0.18984375 0.171875 0.109375
24 0.653125 0.23046875 0.178125 0.025
18 0.7515625 0.42109375 0.059375 0.1046875
23 0.4625 0.43984375 0.184375 0.06875
11 0.5859375 0.45078125 0.0796875 0.071875
25 0.71171875 0.45546875 0.3 0.06875