27 0.75234375 0.55625 0.115625 0.1359375
13 0.346875 0.6015625 0.128125 0.1453125
24 0.609375 0.6109375 0.1234375 0.05
20 0.653125 0.80390625 0.10625 0.1484375
18 0.340625 0.85078125 0.05625 0.10625
2 0.61171875 0.9 0.2671875 0.0890625
23 0.37890625 0.928125 0.1765625 0.128125
13 0.31875 0.1859375 0.1671875 0.1671875
5 0.4828125 0.2046875 0.1953125 0.0828125
0 0.61015625 0.20859375 0.2859375 0.0796875
29 0.77734375 0.20859375 0.103125 0.0578125
26 0.3875 0.45 0.1515625 0.0875
19 0.69609375 0.44921875 0.203125 0.053125
6 0.540625 0.4578125 0.196875 0.075