13 0.40625 0.55703125 0.15625 0.125
26 0.35546875 0.60234375 0.1375 0.09375
8 0.7546875 0.59921875 0.2015625 0.1
6 0.5546875 0.61171875 0.221875 0.0765625
1 0.7953125 0.86953125 0.165625 0.1296875
17 0.41640625 0.90390625 0.1765625 0.0859375
11 0.64140625 0.915625 0.08125 0.0796875
5 0.378125 0.19921875 0.2015625 0.096875
7 0.5859375 0.209375 0.1109375 0.053125
24 0.775 0.2234375 0.134375 0.0265625
29 0.55546875 0.4453125 0.1546875 0.078125
14 0.66796875 0.446875 0.103125 0.0515625
19 0.7046875 0.4546875 0.26875 0.065625
2 0.37578125 0.46328125 0.1828125 0.0625