6 0.621875 0.48125 0.1078125 0.040625
13 0.44453125 0.5484375 0.153125 0.11875
5 0.5875 0.58046875 0.1796875 0.0984375
11 0.7625 0.6015625 0.0828125 0.0640625
8 0.434375 0.60390625 0.278125 0.103125
3 0.68671875 0.62109375 0.1453125 0.053125
20 0.7484375 0.83515625 0.109375 0.1515625
27 0.63984375 0.853125 0.1265625 0.1515625
20 0.796875 0.86484375 0.103125 0.171875
28 0.34296875 0.88828125 0.1796875 0.1328125
23 0.5078125 0.9203125 0.1640625 0.1171875
1 0.7453125 0.928125 0.1828125 0.125
25 0.3625 0.1515625 0.196875 0.1953125
27 0.5453125 0.18125 0.13125 0.14375
22 0.68359375 0.20390625 0.125 0.0921875
14 0.8109375 0.22890625 0.10625 0.0484375
15 0.7875 0.4328125 0.1703125 0.14375
26 0.56796875 0.43671875 0.121875 0.0828125
18 0.34140625 0.43125 0.0671875 0.1203125
29 0.44296875 0.4484375 0.1546875 0.0796875
6 0.74296875 0.47109375 0.1359375 0.0734375