13 0.5859375 0.58828125 0.1828125 0.103125
29 0.725 0.5984375 0.1421875 0.084375
25 0.40078125 0.60234375 0.2671875 0.0921875
2 0.36484375 0.88203125 0.1859375 0.1
24 0.52421875 0.890625 0.125 0.065625
7 0.73359375 0.9 0.1140625 0.0765625
27 0.35078125 0.1703125 0.1203125 0.140625
27 0.6046875 0.1875 0.1171875 0.1265625
5 0.74765625 0.21640625 0.1703125 0.0765625
0 0.471875 0.21796875 0.1703125 0.065625
21 0.7078125 0.44140625 0.1984375 0.0890625
8 0.36328125 0.44140625 0.190625 0.0921875
11 0.75390625 0.47109375 0.08125 0.065625
6 0.53359375 0.465625 0.184375 0.065625