6 0.34375 0.4703125 0.184375 0.065625
22 0.51015625 0.58671875 0.1328125 0.1
5 0.7296875 0.5890625 0.178125 0.1015625
19 0.72265625 0.86875 0.05625 0.0421875
0 0.61328125 0.88046875 0.1078125 0.10625
29 0.4125 0.884375 0.1859375 0.084375
19 0.8109375 0.87890625 0.0875 0.0796875
0 0.75390625 0.9046875 0.09375 0.065625
8 0.7609375 0.1984375 0.215625 0.0875
3 0.34765625 0.2265625 0.1359375 0.0421875
24 0.50546875 0.2296875 0.1421875 0.0375
26 0.3765625 0.4390625 0.121875 0.075
7 0.5140625 0.4515625 0.109375 0.0578125
14 0.6859375 0.45 0.109375 0.059375
11 0.78984375 0.4515625 0.0796875 0.0671875