3 0.4734375 0.46640625 0.1375 0.0546875
6 0.61953125 0.4765625 0.1078125 0.0390625
13 0.43828125 0.54609375 0.1453125 0.1109375
5 0.58671875 0.578125 0.171875 0.0875
11 0.765625 0.59609375 0.0828125 0.071875
8 0.4421875 0.60546875 0.28125 0.1171875
16 0.7046875 0.628125 0.2421875 0.0625
20 0.7484375 0.834375 0.103125 0.153125
23 0.39453125 0.84765625 0.15 0.0875
28 0.5359375 0.8546875 0.1453125 0.08125
20 0.79375 0.8640625 0.1125 0.171875
27 0.659375 0.86875 0.11875 0.14375
1 0.7546875 0.92734375 0.2140625 0.128125
2 0.4984375 0.9328125 0.1359375 0.0859375
19 0.34921875 0.9296875 0.153125 0.10625
25 0.36328125 0.15078125 0.1859375 0.1875
27 0.78984375 0.18671875 0.0984375 0.1296875
18 0.83984375 0.2015625 0.0671875 0.1125
22 0.68359375 0.2015625 0.1359375 0.0921875
29 0.49765625 0.21484375 0.1703125 0.0671875
15 0.7859375 0.4359375 0.1671875 0.1578125
26 0.571875 0.44140625 0.1328125 0.075
0 0.409375 0.43671875 0.16875 0.0703125
6 0.74453125 0.46796875 0.1390625 0.0734375
14 0.33828125 0.45859375 0.0953125 0.0578125