26 0.3796875 0.5734375 0.125 0.0875
8 0.7546875 0.6078125 0.196875 0.0984375
6 0.5453125 0.61328125 0.234375 0.084375
1 0.77734375 0.88203125 0.171875 0.134375
17 0.39375 0.903125 0.1875 0.084375
11 0.63125 0.9203125 0.0890625 0.0796875
7 0.590625 0.21484375 0.0859375 0.053125
23 0.40703125 0.2125 0.1953125 0.0625
14 0.71953125 0.22421875 0.1125 0.0484375
19 0.809375 0.228125 0.125 0.040625
5 0.40078125 0.41796875 0.1796875 0.0609375
18 0.75234375 0.43671875 0.0671875 0.1234375
29 0.56640625 0.44765625 0.13125 0.078125
28 0.4078125 0.45859375 0.2796875 0.0734375