22 0.36640625 0.58046875 0.146875 0.109375
25 0.51875 0.59453125 0.2609375 0.0859375
15 0.75546875 0.60625 0.2359375 0.0953125
21 0.5640625 0.8578125 0.19375 0.0875
0 0.73203125 0.86796875 0.1640625 0.0859375
23 0.39765625 0.878125 0.1765625 0.0984375
28 0.80859375 0.93515625 0.1265625 0.09375
28 0.6765625 0.9328125 0.1046875 0.103125
6 0.39453125 0.21953125 0.2078125 0.05
3 0.58046875 0.2234375 0.1390625 0.0421875
26 0.3625 0.45078125 0.1484375 0.0828125
29 0.56796875 0.4546875 0.2109375 0.0796875
19 0.74921875 0.46796875 0.1828125 0.0546875