2 0.7734375 0.4625 0.2140625 0.0578125
22 0.371875 0.5875 0.1578125 0.109375
25 0.53671875 0.60546875 0.3109375 0.103125
14 0.7421875 0.6109375 0.1015625 0.0625
21 0.5765625 0.85546875 0.1765625 0.1
13 0.5859375 0.87421875 0.1359375 0.15
11 0.71796875 0.89296875 0.0765625 0.0734375
15 0.37890625 0.92109375 0.2 0.128125
27 0.3671875 0.18125 0.1125 0.1296875
26 0.7625 0.20390625 0.1453125 0.0703125
1 0.57890625 0.2140625 0.1890625 0.0609375
29 0.56171875 0.44296875 0.1671875 0.078125
16 0.4015625 0.46484375 0.1953125 0.0640625