22 0.59609375 0.5875 0.1359375 0.09375
14 0.7828125 0.60234375 0.1171875 0.059375
11 0.42890625 0.60078125 0.0875 0.071875
19 0.771875 0.8765625 0.0875 0.05625
29 0.396875 0.88046875 0.15625 0.103125
19 0.68046875 0.89296875 0.0734375 0.0578125
3 0.56953125 0.896875 0.1375 0.075
19 0.75078125 0.9359375 0.0734375 0.04375
27 0.3703125 0.1734375 0.1421875 0.1453125
0 0.77421875 0.21484375 0.1765625 0.06875
24 0.60625 0.2265625 0.1453125 0.0359375
1 0.75546875 0.453125 0.159375 0.071875
26 0.60859375 0.4515625 0.171875 0.0828125
7 0.43203125 0.45546875 0.14375 0.0640625