0 0.596875 0.59609375 0.2015625 0.09375
9 0.775 0.60390625 0.2203125 0.078125
16 0.40703125 0.6109375 0.190625 0.075
2 0.6390625 0.88359375 0.2125 0.1078125
15 0.41484375 0.8890625 0.2140625 0.125
10 0.79375 0.8953125 0.1328125 0.0875
18 0.8140625 0.18515625 0.0671875 0.1046875
26 0.38125 0.21015625 0.1609375 0.06875
11 0.72734375 0.21171875 0.0875 0.0609375
7 0.5703125 0.21796875 0.1015625 0.053125
8 0.7890625 0.43671875 0.1984375 0.0953125
4 0.59140625 0.44765625 0.178125 0.059375
12 0.4234375 0.45859375 0.1609375 0.0515625