10 0.65078125 0.47265625 0.1140625 0.0375
13 0.4171875 0.56484375 0.1234375 0.1171875
26 0.546875 0.58046875 0.15 0.065625
9 0.721875 0.61875 0.221875 0.05
27 0.659375 0.8265625 0.1046875 0.1265625
15 0.77265625 0.90390625 0.2203125 0.1109375
6 0.41328125 0.909375 0.2125 0.0703125
5 0.60234375 0.203125 0.1859375 0.0890625
23 0.76640625 0.2125 0.1546875 0.0703125
12 0.4640625 0.2140625 0.1296875 0.05
20 0.375 0.4375 0.1265625 0.0765625
21 0.7765625 0.45390625 0.1578125 0.0703125
24 0.51796875 0.4625 0.15 0.04375