15 0.64296875 0.55703125 0.24375 0.084375
21 0.31171875 0.58828125 0.1609375 0.084375
25 0.634375 0.590625 0.234375 0.1046875
17 0.46875 0.59609375 0.1875 0.0921875
22 0.28515625 0.86953125 0.13125 0.10625
3 0.45234375 0.8734375 0.14375 0.065625
16 0.68046875 0.878125 0.2046875 0.10625
18 0.4359375 0.19375 0.05625 0.096875
26 0.2796875 0.20703125 0.15625 0.08125
29 0.540625 0.21015625 0.1734375 0.071875
1 0.665625 0.21484375 0.14375 0.065625
8 0.321875 0.4203125 0.2125 0.078125
5 0.684375 0.44375 0.190625 0.09375
24 0.4875 0.46015625 0.1375 0.0390625