8 0.7328125 0.5765625 0.2125 0.0984375
7 0.37890625 0.6078125 0.1203125 0.071875
23 0.55546875 0.5984375 0.1625 0.09375
13 0.61328125 0.8453125 0.1625 0.096875
0 0.7515625 0.84921875 0.175 0.1140625
27 0.42578125 0.86796875 0.1203125 0.1484375
1 0.565625 0.9078125 0.221875 0.09375
20 0.7125 0.15703125 0.0984375 0.1609375
6 0.375 0.22578125 0.215625 0.059375
3 0.559375 0.21875 0.1390625 0.046875
26 0.35703125 0.46328125 0.15 0.0953125
29 0.5640625 0.453125 0.215625 0.0828125
19 0.74453125 0.4515625 0.1859375 0.0609375