0 0.5671875 0.578125 0.08125 0.0546875
15 0.40703125 0.5984375 0.2265625 0.0859375
9 0.77578125 0.61796875 0.21875 0.0828125
1 0.4390625 0.8703125 0.1828125 0.1015625
2 0.5671875 0.8984375 0.2703125 0.096875
10 0.778125 0.9109375 0.14375 0.0890625
23 0.7765625 0.21796875 0.2140625 0.0765625
26 0.39453125 0.20625 0.1453125 0.0703125
7 0.55703125 0.2171875 0.14375 0.0578125
8 0.75234375 0.4484375 0.1921875 0.0953125
4 0.4109375 0.44375 0.1671875 0.065625
12 0.53515625 0.45546875 0.1328125 0.059375