6 0.62109375 0.4671875 0.109375 0.040625
13 0.45 0.5515625 0.1453125 0.1171875
5 0.59453125 0.57421875 0.1703125 0.09375
11 0.76875 0.58125 0.08125 0.0671875
8 0.44296875 0.609375 0.2890625 0.1140625
3 0.7 0.603125 0.146875 0.0546875
20 0.7765625 0.80859375 0.1078125 0.15
27 0.67109375 0.83125 0.109375 0.1328125
23 0.4171875 0.84921875 0.1609375 0.06875
20 0.82421875 0.83671875 0.115625 0.178125
1 0.7875 0.90390625 0.1859375 0.1453125
28 0.39609375 0.93203125 0.1953125 0.121875
2 0.56953125 0.92421875 0.1390625 0.0765625
25 0.33515625 0.1640625 0.196875 0.19375
27 0.76328125 0.16875 0.0953125 0.128125
18 0.81640625 0.171875 0.0734375 0.1109375
22 0.6578125 0.1890625 0.15 0.10625
29 0.478125 0.215625 0.1671875 0.071875
15 0.77265625 0.41015625 0.1703125 0.1515625
26 0.56484375 0.4359375 0.1171875 0.0828125
0 0.40234375 0.45 0.1828125 0.0703125
6 0.746875 0.4453125 0.14375 0.0734375
14 0.33671875 0.47109375 0.0953125 0.0640625