18 0.465625 0.56875 0.0640625 0.121875
8 0.7484375 0.6109375 0.2078125 0.1046875
3 0.3625 0.61953125 0.1265625 0.053125
16 0.70390625 0.8984375 0.175 0.103125
17 0.39296875 0.9046875 0.178125 0.0890625
26 0.39296875 0.196875 0.15 0.090625
7 0.5921875 0.21640625 0.0875 0.0578125
14 0.72578125 0.22265625 0.10625 0.0515625
19 0.80546875 0.23359375 0.1515625 0.0515625
5 0.40625 0.4140625 0.1484375 0.053125
29 0.56640625 0.446875 0.1453125 0.0828125
23 0.7484375 0.465625 0.165625 0.0765625
28 0.40078125 0.4578125 0.2921875 0.0734375