13 0.58359375 0.59453125 0.1734375 0.128125
29 0.721875 0.60234375 0.1515625 0.0875
25 0.384375 0.60078125 0.2734375 0.0984375
2 0.36015625 0.8796875 0.1890625 0.103125
24 0.52109375 0.8921875 0.128125 0.065625
7 0.7265625 0.903125 0.1125 0.08125
27 0.35859375 0.16875 0.125 0.14375
27 0.6078125 0.1890625 0.125 0.1265625
6 0.65 0.22109375 0.30625 0.0890625
0 0.46953125 0.21328125 0.1671875 0.071875
11 0.7953125 0.23125 0.0828125 0.0578125
21 0.70625 0.45078125 0.2046875 0.1
8 0.3609375 0.4390625 0.2125 0.1015625