0 0.39453125 0.58984375 0.1796875 0.075
4 0.53359375 0.61484375 0.18125 0.078125
9 0.75234375 0.628125 0.1984375 0.078125
15 0.6953125 0.86640625 0.1546875 0.1265625
7 0.3859375 0.86875 0.134375 0.0671875
26 0.57890625 0.87890625 0.125 0.0828125
27 0.79375 0.18515625 0.1203125 0.1421875
29 0.5125 0.21171875 0.21875 0.071875
12 0.3640625 0.21171875 0.1171875 0.05
25 0.3984375 0.41015625 0.1953125 0.15
18 0.53359375 0.4171875 0.0734375 0.0984375
22 0.76015625 0.44140625 0.1890625 0.109375
28 0.59140625 0.45 0.2359375 0.08125