27 0.73984375 0.57421875 0.1125 0.1375
13 0.3328125 0.57890625 0.1203125 0.13125
22 0.45390625 0.59921875 0.1515625 0.1109375
11 0.74765625 0.6265625 0.08125 0.06875
5 0.67578125 0.8375 0.1546875 0.1046875
18 0.3265625 0.83828125 0.0609375 0.1015625
1 0.54453125 0.87890625 0.1796875 0.1015625
19 0.71015625 0.91953125 0.19375 0.0765625
17 0.37109375 0.934375 0.234375 0.1015625
20 0.5328125 0.16171875 0.115625 0.1796875
27 0.38671875 0.1765625 0.1296875 0.13125
3 0.7453125 0.23203125 0.15 0.0453125
28 0.51015625 0.45078125 0.2171875 0.0890625
23 0.7328125 0.4640625 0.1734375 0.084375
14 0.35625 0.45390625 0.09375 0.0578125