13 0.3515625 0.575 0.09375 0.11875
26 0.50625 0.5953125 0.13125 0.0859375
10 0.74375 0.6171875 0.1234375 0.0515625
27 0.5453125 0.83125 0.1078125 0.140625
29 0.68203125 0.86640625 0.1765625 0.08125
27 0.38828125 0.86328125 0.1203125 0.1375
0 0.4296875 0.20859375 0.2015625 0.0703125
15 0.63359375 0.22265625 0.2015625 0.0578125
19 0.7890625 0.23359375 0.1296875 0.04375
4 0.58515625 0.45703125 0.1515625 0.0671875
16 0.39765625 0.45234375 0.1796875 0.0703125
6 0.7390625 0.46953125 0.1578125 0.0640625