6 0.74609375 0.4578125 0.2640625 0.065625
1 0.43515625 0.5953125 0.1640625 0.1109375
8 0.75703125 0.59453125 0.2078125 0.1
29 0.565625 0.6046875 0.159375 0.0953125
22 0.759375 0.853125 0.146875 0.1
23 0.50078125 0.86953125 0.1515625 0.0796875
11 0.6046875 0.8765625 0.084375 0.059375
5 0.37890625 0.90546875 0.165625 0.1296875
16 0.64375 0.93203125 0.2484375 0.075
25 0.3578125 0.1921875 0.2625 0.11875
14 0.6796875 0.2109375 0.109375 0.0546875
19 0.78515625 0.2125 0.128125 0.040625
24 0.5609375 0.225 0.1234375 0.0390625
27 0.5515625 0.4125 0.1296875 0.1328125
18 0.35546875 0.42265625 0.065625 0.090625
7 0.390625 0.45859375 0.1234375 0.0625