13 0.47578125 0.55703125 0.1390625 0.1171875
21 0.4015625 0.59453125 0.1640625 0.1125
6 0.7640625 0.63515625 0.175 0.084375
24 0.56328125 0.6265625 0.125 0.0515625
26 0.48125 0.86328125 0.16875 0.1109375
19 0.33359375 0.87265625 0.125 0.0859375
2 0.73203125 0.8984375 0.2109375 0.10625
13 0.815625 0.21015625 0.1234375 0.1109375
15 0.4234375 0.21015625 0.253125 0.0703125
20 0.60390625 0.4 0.115625 0.146875
25 0.4234375 0.43984375 0.2390625 0.0953125
29 0.56875 0.46484375 0.1921875 0.0734375
16 0.75390625 0.4765625 0.1953125 0.0671875