3 0.62109375 0.46796875 0.1484375 0.0484375
13 0.41328125 0.5671875 0.1515625 0.1390625
8 0.7546875 0.5984375 0.2046875 0.09375
21 0.3625 0.61171875 0.140625 0.103125
6 0.5578125 0.61328125 0.2234375 0.0796875
1 0.790625 0.87109375 0.1703125 0.125
17 0.4265625 0.90859375 0.1875 0.0953125
11 0.6421875 0.91171875 0.090625 0.0765625
26 0.35390625 0.20703125 0.1578125 0.0890625
7 0.584375 0.21171875 0.1015625 0.0515625
24 0.7765625 0.22109375 0.11875 0.03125
14 0.66953125 0.4375 0.096875 0.0375
29 0.559375 0.44296875 0.1578125 0.078125
5 0.3828125 0.446875 0.1546875 0.0953125
19 0.73671875 0.45234375 0.1984375 0.04375