2 0.73984375 0.4703125 0.228125 0.0578125
27 0.73828125 0.571875 0.10625 0.1375
13 0.32890625 0.58203125 0.1234375 0.11875
22 0.45234375 0.5984375 0.1515625 0.103125
1 0.62734375 0.6125 0.1953125 0.0859375
11 0.7484375 0.62265625 0.0796875 0.0671875
5 0.6796875 0.8328125 0.153125 0.1
18 0.33125 0.83984375 0.059375 0.1
3 0.54140625 0.88984375 0.140625 0.08125
19 0.71015625 0.909375 0.2078125 0.0859375
17 0.378125 0.934375 0.234375 0.1
24 0.640625 0.965625 0.165625 0.065625
20 0.51953125 0.1625 0.1140625 0.1921875
27 0.38125 0.17734375 0.1234375 0.128125
23 0.6953125 0.2203125 0.1640625 0.065625
28 0.5125 0.44921875 0.2203125 0.090625
14 0.35390625 0.45625 0.096875 0.05625