5 0.70625 0.59375 0.18125 0.0984375
1 0.546875 0.60078125 0.2125 0.103125
11 0.346875 0.6 0.078125 0.0671875
22 0.74296875 0.88125 0.1390625 0.1203125
23 0.36171875 0.88203125 0.159375 0.1
28 0.55859375 0.89296875 0.15625 0.1359375
7 0.46875 0.21171875 0.1484375 0.059375
14 0.809375 0.2296875 0.1125 0.05
24 0.6734375 0.23984375 0.1375 0.028125
15 0.7890625 0.4328125 0.1515625 0.1390625
18 0.33984375 0.428125 0.065625 0.1171875
26 0.65546875 0.45 0.1515625 0.0984375
29 0.44921875 0.44609375 0.1625 0.0671875