22 0.71015625 0.575 0.159375 0.084375
2 0.37265625 0.6015625 0.15625 0.04375
24 0.57734375 0.6296875 0.1671875 0.05625
29 0.39921875 0.88203125 0.15625 0.0953125
8 0.740625 0.884375 0.196875 0.1125
7 0.5671875 0.88515625 0.1046875 0.0859375
5 0.7328125 0.19765625 0.15 0.075
25 0.60234375 0.20390625 0.29375 0.08125
11 0.81171875 0.2109375 0.0875 0.0625
3 0.36484375 0.221875 0.1625 0.0421875
26 0.5 0.43828125 0.1421875 0.075
21 0.353125 0.4453125 0.1203125 0.0859375
15 0.73046875 0.46328125 0.284375 0.0625