0 0.39375 0.59296875 0.18125 0.075
26 0.5703125 0.59765625 0.134375 0.0734375
9 0.75546875 0.62109375 0.2 0.0734375
5 0.73359375 0.86953125 0.159375 0.1109375
4 0.55703125 0.8796875 0.1609375 0.084375
15 0.38828125 0.890625 0.18125 0.1125
27 0.78515625 0.178125 0.1171875 0.14375
12 0.35703125 0.21328125 0.1203125 0.0484375
29 0.50625 0.21875 0.2125 0.0515625
25 0.38984375 0.40859375 0.1875 0.153125
18 0.53515625 0.41953125 0.0671875 0.103125
22 0.753125 0.4375 0.1828125 0.1078125
28 0.590625 0.4484375 0.2375 0.0796875