10 0.4203125 0.48125 0.2375 0.0421875
28 0.76796875 0.58515625 0.1765625 0.0984375
21 0.60390625 0.59765625 0.153125 0.08125
7 0.43515625 0.60703125 0.1375 0.0625
26 0.55078125 0.853125 0.1421875 0.1015625
15 0.740625 0.8640625 0.2484375 0.109375
4 0.41328125 0.87734375 0.1375 0.0921875
13 0.7921875 0.1796875 0.1765625 0.115625
24 0.64375 0.225 0.1796875 0.03125
18 0.7484375 0.4125 0.0625 0.10625
23 0.46015625 0.44140625 0.1859375 0.075
11 0.584375 0.44765625 0.0828125 0.075
25 0.71015625 0.4484375 0.303125 0.0796875