27 0.7703125 0.57421875 0.1125 0.1390625
13 0.353125 0.57890625 0.14375 0.115625
1 0.53359375 0.59609375 0.178125 0.084375
14 0.70703125 0.62890625 0.115625 0.0703125
20 0.65234375 0.82421875 0.1015625 0.1625
11 0.3453125 0.8625 0.0734375 0.0703125
18 0.3640625 0.8859375 0.0625 0.109375
7 0.603125 0.91640625 0.1375 0.0921875
29 0.77109375 0.225 0.2015625 0.0703125
3 0.53203125 0.22421875 0.1375 0.0421875
21 0.56640625 0.44921875 0.1578125 0.1125
26 0.38828125 0.4453125 0.146875 0.084375
28 0.7953125 0.4625 0.1234375 0.075
28 0.68671875 0.46171875 0.084375 0.059375