8 0.734375 0.57734375 0.221875 0.1015625
7 0.378125 0.60703125 0.115625 0.0734375
23 0.55234375 0.59921875 0.1546875 0.075
20 0.61328125 0.81328125 0.1109375 0.1546875
13 0.409375 0.86640625 0.1640625 0.1515625
0 0.74921875 0.853125 0.18125 0.1015625
1 0.5671875 0.9078125 0.2203125 0.090625
20 0.715625 0.159375 0.1078125 0.159375
27 0.33203125 0.18359375 0.10625 0.134375
6 0.48828125 0.221875 0.225 0.0625
28 0.6875 0.4421875 0.078125 0.05625
26 0.36015625 0.4609375 0.1421875 0.0875
29 0.55859375 0.453125 0.221875 0.08125