24 0.54296875 0.47265625 0.1515625 0.0375
22 0.37265625 0.58671875 0.1375 0.096875
8 0.75546875 0.6109375 0.1984375 0.09375
3 0.54609375 0.625 0.121875 0.0546875
6 0.371875 0.88046875 0.178125 0.1234375
19 0.5109375 0.884375 0.159375 0.0828125
27 0.81171875 0.18046875 0.1234375 0.14375
26 0.6546875 0.2046875 0.15 0.0875
1 0.4 0.215625 0.2203125 0.065625
18 0.71328125 0.440625 0.0671875 0.1140625
5 0.39765625 0.4375 0.1765625 0.090625
14 0.709375 0.4578125 0.1 0.0515625
11 0.79375 0.465625 0.084375 0.0703125