6 0.62890625 0.4734375 0.109375 0.0328125
13 0.44609375 0.55078125 0.14375 0.1015625
5 0.59453125 0.5796875 0.1671875 0.090625
11 0.759375 0.5921875 0.0953125 0.0671875
8 0.4390625 0.60234375 0.2859375 0.1078125
3 0.69453125 0.61953125 0.14375 0.05
20 0.7578125 0.82890625 0.0953125 0.14375
27 0.646875 0.84609375 0.103125 0.1328125
23 0.39765625 0.84296875 0.1375 0.0796875
20 0.7984375 0.865625 0.1046875 0.18125
1 0.76796875 0.92109375 0.2 0.125
28 0.36953125 0.91796875 0.196875 0.125
2 0.54140625 0.92578125 0.140625 0.08125
25 0.3578125 0.153125 0.1921875 0.190625
27 0.53671875 0.178125 0.121875 0.14375
22 0.68203125 0.19609375 0.1515625 0.0953125
14 0.81015625 0.228125 0.09375 0.0484375
15 0.7828125 0.42578125 0.159375 0.1484375
18 0.334375 0.43203125 0.059375 0.1203125
26 0.5703125 0.4375 0.1171875 0.075
0 0.43828125 0.453125 0.1578125 0.075
6 0.74609375 0.46640625 0.1296875 0.075