27 0.74140625 0.565625 0.109375 0.134375
13 0.325 0.5828125 0.1234375 0.115625
1 0.62890625 0.60859375 0.196875 0.084375
24 0.44296875 0.62734375 0.134375 0.0453125
20 0.64609375 0.81796875 0.090625 0.159375
18 0.33046875 0.84453125 0.053125 0.1015625
22 0.45 0.8515625 0.190625 0.090625
19 0.7375 0.909375 0.1546875 0.0875
23 0.36484375 0.9234375 0.175 0.121875
13 0.33671875 0.1765625 0.1609375 0.14375
26 0.6890625 0.20859375 0.165625 0.078125
27 0.76015625 0.421875 0.11875 0.128125
11 0.32734375 0.46171875 0.0796875 0.0625
15 0.525 0.46484375 0.2453125 0.05625