22 0.559375 0.46484375 0.0890625 0.0546875
13 0.4125 0.56796875 0.1671875 0.134375
26 0.36484375 0.60703125 0.1484375 0.103125
8 0.76796875 0.59765625 0.1984375 0.0921875
6 0.55625 0.61171875 0.2203125 0.075
1 0.80078125 0.8640625 0.1796875 0.1296875
17 0.42109375 0.90703125 0.1921875 0.0890625
11 0.64765625 0.9140625 0.0890625 0.0796875
18 0.6421875 0.17734375 0.075 0.1171875
5 0.37421875 0.2015625 0.2140625 0.0828125
7 0.58671875 0.21171875 0.109375 0.0546875
3 0.75078125 0.21875 0.1390625 0.034375
29 0.553125 0.44375 0.146875 0.0734375
28 0.71875 0.45078125 0.24375 0.0828125
2 0.3765625 0.46640625 0.19375 0.0609375