8 0.721875 0.59453125 0.2171875 0.0984375
5 0.38515625 0.5890625 0.16875 0.096875
23 0.53125 0.60078125 0.171875 0.078125
20 0.5890625 0.82734375 0.109375 0.165625
13 0.3828125 0.86171875 0.146875 0.1484375
0 0.73203125 0.871875 0.1703125 0.0984375
20 0.73828125 0.165625 0.09375 0.1421875
27 0.353125 0.1734375 0.10625 0.13125
1 0.74921875 0.22109375 0.2125 0.0625
6 0.50859375 0.21953125 0.221875 0.0578125
28 0.79296875 0.45546875 0.115625 0.0796875
28 0.68984375 0.4546875 0.0796875 0.0484375
7 0.36953125 0.44921875 0.0875 0.065625
17 0.5640625 0.465625 0.2484375 0.04375