22 0.36640625 0.590625 0.14375 0.1015625
5 0.52265625 0.59453125 0.1734375 0.103125
7 0.696875 0.596875 0.1484375 0.065625
1 0.39375 0.8796875 0.15 0.0875
19 0.78828125 0.87109375 0.153125 0.0875
6 0.51875 0.890625 0.128125 0.096875
6 0.675 0.89296875 0.090625 0.08125
27 0.784375 0.16171875 0.1390625 0.1390625
24 0.50390625 0.228125 0.1265625 0.0328125
8 0.390625 0.446875 0.2359375 0.09375
14 0.703125 0.446875 0.1015625 0.059375
3 0.60625 0.4546875 0.115625 0.0484375
11 0.78828125 0.4484375 0.0796875 0.06875