15 0.6421875 0.5484375 0.25 0.0828125
25 0.63046875 0.5859375 0.2484375 0.103125
24 0.31796875 0.60625 0.1265625 0.0453125
22 0.30234375 0.878125 0.125 0.1
3 0.46328125 0.878125 0.1609375 0.0625
18 0.42578125 0.1984375 0.05625 0.103125
26 0.27578125 0.21328125 0.165625 0.08125
29 0.5359375 0.20859375 0.1640625 0.0765625
1 0.66015625 0.21171875 0.1375 0.0625
13 0.296875 0.44140625 0.1078125 0.103125
21 0.43203125 0.44296875 0.1359375 0.0875
5 0.68515625 0.4390625 0.20625 0.1046875
11 0.53125 0.459375 0.08125 0.065625