22 0.35859375 0.57890625 0.1453125 0.1046875
5 0.51484375 0.59609375 0.175 0.10625
7 0.68828125 0.6140625 0.15 0.06875
1 0.3609375 0.86875 0.1515625 0.0890625
19 0.7546875 0.8953125 0.1546875 0.090625
6 0.48515625 0.89140625 0.128125 0.0984375
6 0.63984375 0.90703125 0.0921875 0.0828125
27 0.8125 0.1875 0.1421875 0.1421875
24 0.52734375 0.22890625 0.1265625 0.034375
8 0.3953125 0.4375 0.2375 0.096875
14 0.70703125 0.46484375 0.103125 0.0609375
3 0.61015625 0.4640625 0.1171875 0.05
11 0.79140625 0.4734375 0.08125 0.0703125