1 0.43203125 0.6 0.1734375 0.10625
8 0.7546875 0.59140625 0.209375 0.1046875
29 0.56328125 0.60390625 0.1609375 0.09375
22 0.77421875 0.85 0.153125 0.1265625
23 0.5 0.86640625 0.153125 0.08125
5 0.38671875 0.90859375 0.1796875 0.134375
25 0.35625 0.19375 0.2515625 0.1265625
14 0.67578125 0.20859375 0.1171875 0.0625
19 0.78046875 0.20625 0.1375 0.0421875
24 0.5515625 0.2265625 0.1375 0.034375
18 0.35546875 0.4265625 0.06875 0.10625
26 0.58359375 0.43515625 0.1375 0.0875
0 0.7140625 0.4421875 0.1578125 0.08125
7 0.40703125 0.46015625 0.13125 0.065625