8 0.4375 0.59140625 0.1921875 0.08125
9 0.7890625 0.6015625 0.1671875 0.0515625
4 0.6328125 0.609375 0.153125 0.0671875
15 0.653125 0.8328125 0.1859375 0.1109375
13 0.5 0.8375 0.103125 0.1265625
29 0.78984375 0.909375 0.153125 0.075
23 0.7890625 0.2125 0.1546875 0.059375
12 0.43828125 0.22265625 0.15 0.05
24 0.66171875 0.2234375 0.1515625 0.0359375
20 0.73515625 0.39296875 0.10625 0.1515625
22 0.7921875 0.4328125 0.15625 0.096875
16 0.44921875 0.45625 0.196875 0.053125
19 0.64765625 0.45625 0.13125 0.05