7 0.52578125 0.5984375 0.14375 0.0609375
12 0.7328125 0.59921875 0.1265625 0.05625
20 0.37734375 0.6015625 0.096875 0.09375
25 0.43828125 0.803125 0.21875 0.1453125
24 0.7453125 0.85859375 0.128125 0.065625
2 0.5796875 0.8875 0.21875 0.10625
23 0.371875 0.8953125 0.13125 0.0859375
5 0.3890625 0.19921875 0.184375 0.090625
29 0.6234375 0.21015625 0.16875 0.06875
3 0.79609375 0.21953125 0.1578125 0.05
6 0.42109375 0.22890625 0.240625 0.028125
27 0.62578125 0.446875 0.2125 0.078125
19 0.775 0.4578125 0.1796875 0.0578125
16 0.43125 0.46328125 0.19375 0.0515625