1 0.428125 0.590625 0.16875 0.103125
8 0.75859375 0.59609375 0.20625 0.096875
29 0.56328125 0.60234375 0.1625 0.090625
22 0.75859375 0.8515625 0.15 0.11875
23 0.49921875 0.87109375 0.14375 0.0765625
5 0.38359375 0.90546875 0.16875 0.11875
25 0.3609375 0.190625 0.2578125 0.1296875
14 0.68828125 0.209375 0.1 0.0609375
19 0.78125 0.2125 0.1328125 0.0453125
24 0.55625 0.2265625 0.1296875 0.04375
27 0.5515625 0.415625 0.1234375 0.1359375
18 0.35234375 0.43046875 0.065625 0.10625
0 0.71171875 0.44453125 0.178125 0.075
7 0.39296875 0.459375 0.1234375 0.0609375