22 0.56015625 0.46640625 0.0875 0.053125
13 0.4109375 0.56640625 0.1640625 0.13125
26 0.3625 0.6046875 0.146875 0.1
8 0.765625 0.60234375 0.196875 0.0890625
6 0.5546875 0.6125 0.2203125 0.071875
1 0.79453125 0.86875 0.1765625 0.1265625
17 0.4140625 0.90546875 0.190625 0.0859375
11 0.63984375 0.91640625 0.0875 0.078125
18 0.64765625 0.18046875 0.0734375 0.115625
5 0.37890625 0.2 0.2125 0.0796875
7 0.5921875 0.21328125 0.109375 0.053125
3 0.75546875 0.22265625 0.1375 0.0328125
29 0.55390625 0.44453125 0.146875 0.0703125
28 0.71953125 0.4546875 0.2421875 0.078125
2 0.37734375 0.46484375 0.19375 0.0578125