22 0.36953125 0.58515625 0.146875 0.109375
25 0.521875 0.59453125 0.2609375 0.0859375
15 0.75859375 0.596875 0.2359375 0.0953125
21 0.5765625 0.8546875 0.19375 0.0875
0 0.74453125 0.86015625 0.1640625 0.0859375
23 0.4109375 0.88125 0.1765625 0.0984375
28 0.82421875 0.92421875 0.1265625 0.09375
28 0.6921875 0.9265625 0.1046875 0.103125
6 0.38515625 0.2234375 0.2078125 0.05
3 0.57109375 0.2203125 0.1390625 0.0421875
26 0.3609375 0.45546875 0.1484375 0.0828125
29 0.56640625 0.45234375 0.2109375 0.0796875
19 0.74765625 0.45859375 0.1828125 0.0546875