5 0.7109375 0.5828125 0.1796875 0.0953125
1 0.5515625 0.5984375 0.2109375 0.0984375
11 0.35234375 0.6078125 0.0765625 0.065625
22 0.7625 0.86796875 0.1375 0.11875
23 0.38203125 0.8890625 0.1578125 0.0984375
28 0.5796875 0.8890625 0.153125 0.1328125
7 0.45390625 0.2140625 0.1484375 0.0578125
14 0.7953125 0.21328125 0.1125 0.0484375
24 0.659375 0.23046875 0.1375 0.0265625
15 0.78515625 0.41796875 0.1484375 0.1359375
18 0.33671875 0.43671875 0.0625 0.115625
26 0.653125 0.4421875 0.15 0.0953125
29 0.446875 0.4484375 0.1625 0.0640625