1 0.4265625 0.5921875 0.1671875 0.1
29 0.56796875 0.6 0.1578125 0.1046875
8 0.75703125 0.590625 0.2078125 0.1
11 0.35703125 0.625 0.084375 0.075
25 0.8125 0.834375 0.1671875 0.2421875
26 0.540625 0.8734375 0.140625 0.1109375
2 0.38828125 0.90703125 0.159375 0.1140625
6 0.559375 0.209375 0.0859375 0.0515625
14 0.6953125 0.203125 0.103125 0.0640625
19 0.7875 0.2078125 0.13125 0.04375
17 0.3640625 0.2390625 0.2234375 0.0375
18 0.74140625 0.4046875 0.06875 0.0953125
5 0.3890625 0.42578125 0.1796875 0.0765625
15 0.77734375 0.43515625 0.1734375 0.0984375
28 0.3921875 0.4625 0.2640625 0.0984375
6 0.6171875 0.45234375 0.1984375 0.0734375