26 0.38359375 0.57578125 0.1390625 0.0828125
8 0.7515625 0.60859375 0.1890625 0.096875
6 0.54453125 0.615625 0.2296875 0.0765625
16 0.72421875 0.90625 0.190625 0.1078125
17 0.396875 0.9078125 0.1765625 0.0796875
7 0.590625 0.2125 0.0828125 0.05
23 0.3984375 0.2140625 0.1703125 0.0578125
14 0.72109375 0.22109375 0.103125 0.0578125
19 0.80703125 0.22734375 0.14375 0.046875
5 0.40390625 0.41640625 0.1640625 0.059375
18 0.7515625 0.43359375 0.0609375 0.11875
29 0.56875 0.44609375 0.140625 0.078125
28 0.4109375 0.4578125 0.278125 0.08125