3 0.61875 0.4765625 0.1515625 0.0453125
13 0.409375 0.55859375 0.1703125 0.1125
8 0.75859375 0.609375 0.1984375 0.0953125
21 0.37265625 0.60625 0.1765625 0.1015625
6 0.55078125 0.61484375 0.225 0.075
1 0.77734375 0.88515625 0.1703125 0.125
17 0.40546875 0.90703125 0.1828125 0.0921875
11 0.6265625 0.91875 0.0890625 0.08125
26 0.36640625 0.19921875 0.1359375 0.0890625
7 0.596875 0.2140625 0.1015625 0.053125
24 0.784375 0.23515625 0.1265625 0.025
14 0.67265625 0.44375 0.1046875 0.034375
29 0.55703125 0.44375 0.15 0.078125
19 0.73203125 0.4609375 0.203125 0.05625
2 0.3859375 0.46015625 0.19375 0.0578125