13 0.584375 0.58984375 0.184375 0.10625
29 0.7234375 0.60234375 0.14375 0.0875
25 0.39921875 0.6 0.26875 0.096875
2 0.3578125 0.8796875 0.1875 0.103125
24 0.5171875 0.89140625 0.125 0.0671875
7 0.7265625 0.90390625 0.1140625 0.0796875
27 0.35625 0.16796875 0.1234375 0.1421875
27 0.61015625 0.18984375 0.11875 0.128125
5 0.75234375 0.2203125 0.171875 0.0796875
0 0.4765625 0.2171875 0.1703125 0.06875
21 0.70859375 0.4453125 0.2 0.0921875
8 0.3640625 0.4390625 0.1921875 0.0953125
11 0.7546875 0.47578125 0.0828125 0.0671875
6 0.53359375 0.46640625 0.184375 0.06875