1 0.4234375 0.58828125 0.140625 0.1046875
8 0.75625 0.59453125 0.20625 0.0984375
29 0.5640625 0.60234375 0.1609375 0.090625
11 0.3484375 0.625 0.090625 0.06875
22 0.759375 0.85234375 0.1359375 0.115625
23 0.43671875 0.8640625 0.234375 0.071875
26 0.38515625 0.9265625 0.1859375 0.1109375
17 0.603125 0.946875 0.19375 0.1015625
7 0.53203125 0.20859375 0.0828125 0.0578125
14 0.68671875 0.2046875 0.10625 0.0515625
19 0.77890625 0.21171875 0.1328125 0.0390625
24 0.35859375 0.23359375 0.140625 0.040625
18 0.74375 0.40625 0.06875 0.0890625
27 0.55078125 0.4171875 0.11875 0.1359375
15 0.76484375 0.43671875 0.215625 0.096875
5 0.41484375 0.453125 0.1859375 0.1015625
28 0.60703125 0.46015625 0.0796875 0.0546875