19 0.434375 0.5921875 0.16875 0.096875
8 0.74765625 0.609375 0.20625 0.1
27 0.653125 0.8609375 0.103125 0.1390625
23 0.48125 0.8671875 0.1296875 0.0703125
25 0.76328125 0.90078125 0.2046875 0.1953125
5 0.34921875 0.9 0.153125 0.115625
14 0.69609375 0.21953125 0.1125 0.053125
19 0.79765625 0.228125 0.1234375 0.0390625
24 0.5796875 0.23125 0.128125 0.0359375
18 0.359375 0.41953125 0.0609375 0.103125
26 0.5828125 0.44140625 0.1453125 0.084375
0 0.7171875 0.45625 0.159375 0.078125
7 0.4109375 0.4546875 0.1265625 0.0609375