1 0.43984375 0.59140625 0.1515625 0.1078125
8 0.75625 0.6 0.20625 0.0984375
29 0.56171875 0.60390625 0.1453125 0.0921875
11 0.346875 0.61953125 0.084375 0.071875
22 0.76015625 0.8609375 0.1484375 0.1203125
23 0.44765625 0.8671875 0.2359375 0.0671875
26 0.3796875 0.925 0.165625 0.109375
17 0.59921875 0.94765625 0.21875 0.09375
7 0.571875 0.21171875 0.084375 0.0546875
14 0.70703125 0.21484375 0.1171875 0.0546875
19 0.790625 0.2171875 0.1296875 0.04375
18 0.74296875 0.40546875 0.05625 0.0671875
27 0.55 0.4140625 0.109375 0.1390625
15 0.76875 0.4453125 0.21875 0.09375
5 0.41640625 0.45234375 0.190625 0.0953125
28 0.60703125 0.4625 0.0875 0.0578125