0 0.39765625 0.59375 0.178125 0.0734375
4 0.53203125 0.61328125 0.1859375 0.06875
10 0.7375 0.625 0.1296875 0.0515625
7 0.39453125 0.8609375 0.1390625 0.0640625
26 0.58984375 0.86796875 0.1296875 0.0859375
9 0.76015625 0.91171875 0.209375 0.1109375
27 0.78671875 0.17890625 0.1234375 0.1375
29 0.3875 0.20546875 0.1734375 0.0703125
12 0.59765625 0.21875 0.1640625 0.0515625
25 0.396875 0.4109375 0.2015625 0.14375
22 0.75234375 0.4359375 0.1921875 0.10625
18 0.52109375 0.43125 0.06875 0.115625
28 0.609375 0.4484375 0.14375 0.0859375