3 0.46484375 0.47109375 0.1328125 0.04375
6 0.6171875 0.47109375 0.1125 0.034375
13 0.44375 0.546875 0.1453125 0.103125
5 0.59140625 0.571875 0.171875 0.0828125
11 0.765625 0.58515625 0.0890625 0.065625
8 0.44609375 0.61015625 0.29375 0.1078125
16 0.71640625 0.615625 0.2390625 0.05625
20 0.76171875 0.82109375 0.0875 0.1484375
23 0.4109375 0.8453125 0.15 0.06875
20 0.8140625 0.84609375 0.1078125 0.1734375
28 0.5546875 0.853125 0.1359375 0.075
27 0.67890625 0.86171875 0.1109375 0.140625
17 0.39375 0.91328125 0.1984375 0.0890625
1 0.78203125 0.91640625 0.2 0.128125
2 0.54296875 0.93046875 0.11875 0.0796875
19 0.375 0.97421875 0.059375 0.0359375
25 0.340625 0.15546875 0.1875 0.1890625
27 0.7734375 0.1765625 0.1 0.1421875
18 0.828125 0.1828125 0.065625 0.1265625
22 0.6609375 0.190625 0.1359375 0.0890625
29 0.4875 0.2125 0.1875 0.06875
15 0.784375 0.41796875 0.16875 0.15625
26 0.56484375 0.4328125 0.115625 0.0734375
0 0.4046875 0.44375 0.16875 0.06875
6 0.74375 0.45546875 0.1421875 0.0671875
14 0.33828125 0.46640625 0.0984375 0.0578125