24 0.7046875 0.47890625 0.1203125 0.0390625
22 0.36328125 0.57890625 0.153125 0.109375
25 0.53203125 0.60546875 0.309375 0.1078125
14 0.73828125 0.621875 0.10625 0.0625
21 0.55703125 0.8546875 0.1890625 0.0859375
13 0.56953125 0.87578125 0.1515625 0.1578125
11 0.696875 0.9046875 0.078125 0.075
15 0.35234375 0.9171875 0.2125 0.128125
27 0.38359375 0.1734375 0.1140625 0.1328125
26 0.7734375 0.221875 0.14375 0.075
1 0.59375 0.2171875 0.196875 0.0609375
29 0.56328125 0.44453125 0.165625 0.08125
16 0.4015625 0.46171875 0.196875 0.0671875