15 0.64609375 0.55 0.2546875 0.0875
21 0.315625 0.58984375 0.15 0.0859375
17 0.4671875 0.6 0.1765625 0.0953125
25 0.63359375 0.596875 0.2484375 0.090625
3 0.45546875 0.87265625 0.1359375 0.0671875
22 0.2921875 0.8765625 0.1171875 0.0984375
16 0.67734375 0.8734375 0.196875 0.109375
18 0.43203125 0.1921875 0.0578125 0.1078125
26 0.28828125 0.20546875 0.159375 0.0828125
29 0.540625 0.2109375 0.1671875 0.0765625
1 0.67265625 0.21015625 0.153125 0.0578125
8 0.325 0.41953125 0.2109375 0.0875
5 0.6890625 0.4453125 0.2046875 0.0953125
24 0.48671875 0.46015625 0.125 0.0359375