13 0.5890625 0.58515625 0.178125 0.096875
29 0.728125 0.590625 0.1390625 0.0796875
25 0.4046875 0.60546875 0.265625 0.084375
2 0.378125 0.88671875 0.1828125 0.09375
24 0.5375 0.88984375 0.121875 0.0609375
7 0.74765625 0.89140625 0.1109375 0.0734375
27 0.3390625 0.17578125 0.115625 0.1359375
27 0.59375 0.184375 0.1125 0.121875
5 0.7375 0.2078125 0.16875 0.071875
0 0.46171875 0.21875 0.16875 0.059375
21 0.70546875 0.434375 0.196875 0.08125
8 0.3609375 0.44609375 0.1875 0.084375
11 0.753125 0.4625 0.078125 0.0625
6 0.53203125 0.46484375 0.18125 0.059375