13 0.40703125 0.56640625 0.1609375 0.128125
8 0.75859375 0.59609375 0.2078125 0.1015625
6 0.55625 0.61015625 0.221875 0.0828125
14 0.36171875 0.6171875 0.096875 0.0640625
1 0.79921875 0.86796875 0.175 0.1359375
17 0.41875 0.909375 0.1875 0.0875
11 0.64765625 0.9109375 0.0859375 0.0734375
7 0.578125 0.209375 0.1 0.053125
3 0.746875 0.22109375 0.128125 0.0296875
18 0.6921875 0.409375 0.06875 0.0796875
5 0.3984375 0.4296875 0.1578125 0.05625
29 0.55859375 0.44375 0.1484375 0.071875
28 0.7125 0.45 0.2578125 0.08125
23 0.4328125 0.4671875 0.25625 0.065625