6 0.6265625 0.471875 0.1109375 0.034375
13 0.44609375 0.5625 0.146875 0.1375
5 0.590625 0.57890625 0.178125 0.090625
8 0.690625 0.6015625 0.28125 0.09375
20 0.76328125 0.83046875 0.1 0.159375
1 0.625 0.8515625 0.203125 0.096875
20 0.80546875 0.85234375 0.1046875 0.1625
28 0.3703125 0.88359375 0.175 0.121875
25 0.3546875 0.1578125 0.1921875 0.1734375
27 0.5359375 0.17890625 0.121875 0.128125
22 0.67109375 0.19921875 0.1625 0.0875
14 0.80625 0.21796875 0.109375 0.04375
15 0.7875 0.41875 0.165625 0.146875
18 0.3390625 0.4359375 0.0640625 0.115625
26 0.57265625 0.4375 0.128125 0.0875
29 0.440625 0.44765625 0.14375 0.065625
6 0.74140625 0.4609375 0.1328125 0.0703125