8 0.4359375 0.590625 0.190625 0.078125
29 0.77109375 0.59453125 0.1390625 0.0625
4 0.63125 0.61171875 0.153125 0.0640625
27 0.81171875 0.82734375 0.09375 0.1359375
13 0.384375 0.83828125 0.1015625 0.125
15 0.58359375 0.86875 0.2109375 0.096875
19 0.7125 0.9046875 0.0640625 0.059375
19 0.83359375 0.92109375 0.0625 0.046875
23 0.79375 0.21796875 0.153125 0.05625
24 0.66640625 0.2265625 0.15 0.034375
20 0.74375 0.396875 0.103125 0.15
22 0.80703125 0.4359375 0.153125 0.09375
5 0.65390625 0.43828125 0.1578125 0.0875
16 0.45 0.45546875 0.196875 0.05