27 0.74609375 0.553125 0.121875 0.1375
13 0.34375 0.59453125 0.1296875 0.1140625
22 0.465625 0.603125 0.1578125 0.1078125
29 0.61875 0.60234375 0.153125 0.09375
11 0.759375 0.6046875 0.0828125 0.0703125
5 0.70546875 0.81953125 0.1578125 0.1078125
1 0.58046875 0.875 0.1796875 0.10625
2 0.4015625 0.89296875 0.1890625 0.1046875
6 0.7828125 0.88671875 0.2203125 0.1203125
20 0.51015625 0.15859375 0.1140625 0.184375
27 0.3609375 0.18671875 0.1328125 0.13125
3 0.72578125 0.2109375 0.15625 0.0484375
28 0.51484375 0.44921875 0.2140625 0.0828125
23 0.7328125 0.440625 0.16875 0.078125
14 0.3546875 0.4671875 0.0953125 0.059375