22 0.5109375 0.58828125 0.1453125 0.103125
5 0.73359375 0.58046875 0.1796875 0.1015625
21 0.36171875 0.6140625 0.159375 0.1
19 0.73515625 0.86171875 0.059375 0.0375
19 0.82421875 0.8671875 0.0875 0.0828125
0 0.62734375 0.884375 0.10625 0.10625
25 0.45078125 0.9 0.2828125 0.1625
0 0.76796875 0.89375 0.0953125 0.075
8 0.7515625 0.1890625 0.225 0.0890625
3 0.340625 0.23359375 0.134375 0.0421875
24 0.50078125 0.2296875 0.13125 0.0359375
26 0.3765625 0.4359375 0.11875 0.0640625
7 0.5140625 0.45234375 0.1140625 0.0625
14 0.68359375 0.44453125 0.10625 0.0625
11 0.78984375 0.44140625 0.08125 0.065625
6 0.35 0.47265625 0.1875 0.0765625