1 0.4359375 0.5921875 0.178125 0.1046875
8 0.7609375 0.5921875 0.20625 0.10625
29 0.56328125 0.60234375 0.1609375 0.0953125
11 0.3546875 0.63359375 0.096875 0.084375
22 0.78828125 0.84140625 0.1296875 0.1171875
26 0.53359375 0.87265625 0.1328125 0.1015625
23 0.66796875 0.8671875 0.134375 0.1046875
2 0.396875 0.89921875 0.13125 0.075
7 0.5609375 0.20859375 0.0828125 0.0515625
14 0.69375 0.20625 0.115625 0.053125
19 0.78828125 0.2078125 0.1171875 0.040625
5 0.3890625 0.415625 0.19375 0.053125
18 0.740625 0.40390625 0.0625 0.0875
15 0.7875 0.440625 0.1734375 0.109375
6 0.61796875 0.45078125 0.19375 0.0703125
28 0.3984375 0.465625 0.265625 0.0921875