24 0.37265625 0.47578125 0.14375 0.04375
22 0.3703125 0.58828125 0.1546875 0.1140625
14 0.74609375 0.60546875 0.1109375 0.065625
16 0.55390625 0.61640625 0.1921875 0.0765625
21 0.5890625 0.85625 0.203125 0.09375
13 0.59375 0.875 0.16875 0.1609375
11 0.72421875 0.8890625 0.078125 0.075
15 0.38359375 0.925 0.209375 0.1296875
27 0.3625 0.18203125 0.1109375 0.1296875
26 0.75390625 0.20078125 0.1375 0.0734375
1 0.575 0.21015625 0.1890625 0.0609375
20 0.5703125 0.40078125 0.1015625 0.1671875
3 0.76171875 0.45078125 0.15625 0.0546875