6 0.34609375 0.46015625 0.1859375 0.071875
22 0.50390625 0.58671875 0.1359375 0.1046875
5 0.72265625 0.6046875 0.18125 0.1078125
19 0.696875 0.88359375 0.0578125 0.04375
0 0.5859375 0.88671875 0.1109375 0.109375
29 0.3859375 0.87734375 0.1890625 0.090625
19 0.78359375 0.9 0.090625 0.0828125
0 0.725 0.921875 0.096875 0.06875
8 0.78125 0.2171875 0.21875 0.0953125
3 0.3671875 0.2171875 0.1375 0.046875
24 0.52421875 0.23046875 0.14375 0.0421875
26 0.38046875 0.43046875 0.125 0.078125
7 0.5171875 0.45234375 0.1109375 0.0625
14 0.6890625 0.46328125 0.1109375 0.0625
11 0.7921875 0.471875 0.0828125 0.0703125