1 0.4203125 0.584375 0.1703125 0.10625
8 0.75 0.61796875 0.2078125 0.1
29 0.55390625 0.6078125 0.1640625 0.09375
22 0.7265625 0.87265625 0.153125 0.1203125
23 0.46640625 0.86953125 0.1453125 0.0796875
5 0.3484375 0.89375 0.171875 0.121875
25 0.38828125 0.1796875 0.259375 0.134375
14 0.71328125 0.22734375 0.1 0.0625
19 0.80546875 0.23828125 0.134375 0.0484375
24 0.5796875 0.2328125 0.1296875 0.0453125
27 0.55859375 0.4203125 0.125 0.1375
18 0.35859375 0.4171875 0.0671875 0.1078125
0 0.715625 0.4625 0.1796875 0.078125
7 0.396875 0.45 0.1234375 0.0640625