15 0.6515625 0.54453125 0.265625 0.09375
21 0.365625 0.5921875 0.2203125 0.0953125
25 0.63515625 0.59140625 0.2390625 0.0984375
22 0.30078125 0.87734375 0.13125 0.103125
3 0.46171875 0.8796875 0.1453125 0.075
16 0.69375 0.871875 0.203125 0.109375
18 0.4265625 0.1953125 0.06875 0.1046875
26 0.27578125 0.209375 0.165625 0.0765625
29 0.53125 0.20859375 0.165625 0.0828125
1 0.67265625 0.209375 0.121875 0.0578125
8 0.3140625 0.421875 0.2140625 0.0890625
5 0.68671875 0.4390625 0.19375 0.1015625
24 0.48125 0.459375 0.134375 0.04375