24 0.540625 0.46953125 0.153125 0.0421875
22 0.37890625 0.5953125 0.140625 0.1015625
8 0.7625 0.59296875 0.2015625 0.1015625
3 0.5546875 0.621875 0.1234375 0.059375
6 0.39921875 0.88828125 0.18125 0.1296875
19 0.53828125 0.8828125 0.1625 0.0890625
27 0.7890625 0.159375 0.128125 0.146875
26 0.63359375 0.1953125 0.153125 0.0921875
1 0.38046875 0.2234375 0.221875 0.0734375
18 0.70859375 0.42578125 0.071875 0.115625
5 0.39375 0.44453125 0.1796875 0.096875
14 0.70625 0.44296875 0.1015625 0.0546875
11 0.790625 0.44453125 0.0859375 0.0734375