13 0.59296875 0.58515625 0.1734375 0.128125
29 0.73125 0.57890625 0.1515625 0.0875
25 0.3953125 0.6125 0.2734375 0.0984375
2 0.40078125 0.8921875 0.1890625 0.103125
24 0.56171875 0.88828125 0.128125 0.065625
7 0.76796875 0.87734375 0.1125 0.08125
27 0.325 0.18515625 0.125 0.14375
27 0.575 0.17890625 0.125 0.1265625
6 0.6203125 0.20625 0.30625 0.0890625
0 0.43984375 0.21875 0.1671875 0.071875
11 0.765625 0.20234375 0.0828125 0.0578125
21 0.7 0.42890625 0.2046875 0.1
8 0.35546875 0.45390625 0.2125 0.1015625