3 0.715625 0.47890625 0.115625 0.05
13 0.4046875 0.55859375 0.16875 0.125
8 0.7546875 0.615625 0.2046875 0.109375
6 0.54609375 0.61875 0.221875 0.0875
1 0.7640625 0.8890625 0.1828125 0.1265625
17 0.40390625 0.90078125 0.196875 0.0921875
11 0.61484375 0.921875 0.09375 0.0796875
23 0.41171875 0.2046875 0.1890625 0.084375
7 0.59921875 0.2171875 0.0890625 0.0578125
14 0.72265625 0.23203125 0.09375 0.05625
19 0.8125 0.23984375 0.1484375 0.05
5 0.4046875 0.41875 0.1734375 0.065625
29 0.56875 0.44765625 0.1453125 0.08125
28 0.409375 0.4515625 0.284375 0.0921875