18 0.46796875 0.56953125 0.059375 0.11875
8 0.75234375 0.60234375 0.2046875 0.096875
3 0.36640625 0.62421875 0.125 0.05
16 0.71796875 0.89140625 0.171875 0.096875
17 0.40703125 0.9078125 0.175 0.084375
26 0.3828125 0.20078125 0.146875 0.084375
7 0.58203125 0.21328125 0.0859375 0.0546875
14 0.715625 0.21484375 0.1046875 0.046875
19 0.79609375 0.2234375 0.15 0.046875
5 0.403125 0.4171875 0.146875 0.046875
29 0.56484375 0.44453125 0.1421875 0.078125
23 0.746875 0.45703125 0.1625 0.071875
28 0.39921875 0.4609375 0.290625 0.0640625