6 0.62421875 0.47890625 0.1125 0.0390625
5 0.6265625 0.5609375 0.153125 0.05625
26 0.4046875 0.56875 0.1484375 0.0703125
11 0.76796875 0.59765625 0.071875 0.05625
21 0.63984375 0.60234375 0.20625 0.0984375
24 0.4125 0.62265625 0.16875 0.0484375
14 0.81484375 0.63671875 0.128125 0.0625
20 0.67421875 0.82578125 0.103125 0.1609375
3 0.51953125 0.83203125 0.1046875 0.053125
27 0.7671875 0.84140625 0.1046875 0.1140625
23 0.3890625 0.84609375 0.1453125 0.0953125
1 0.5625 0.8875 0.1890625 0.09375
8 0.753125 0.92734375 0.2171875 0.121875
19 0.346875 0.92265625 0.15625 0.0859375
17 0.53984375 0.95390625 0.1953125 0.075
25 0.35234375 0.15546875 0.18125 0.1828125
22 0.67890625 0.18515625 0.11875 0.0546875
27 0.79375 0.1921875 0.1 0.13125
18 0.84375 0.20078125 0.075 0.11875
28 0.67109375 0.21328125 0.2828125 0.0875
29 0.4921875 0.2125 0.159375 0.059375
13 0.515625 0.41328125 0.14375 0.134375
15 0.778125 0.42734375 0.1828125 0.1609375
13 0.64140625 0.42578125 0.146875 0.09375
0 0.40078125 0.43984375 0.1796875 0.05625
7 0.421875 0.44921875 0.134375 0.059375
6 0.74453125 0.46875 0.125 0.0734375