10 0.81015625 0.45546875 0.128125 0.0390625
1 0.6328125 0.57890625 0.1078125 0.0921875
12 0.46640625 0.6 0.1015625 0.065625
0 0.81484375 0.5890625 0.175 0.0984375
20 0.48984375 0.83671875 0.109375 0.165625
23 0.8140625 0.878125 0.1484375 0.115625
15 0.634375 0.89453125 0.2265625 0.115625
18 0.8203125 0.1734375 0.0796875 0.1109375
29 0.6734375 0.2 0.159375 0.0765625
26 0.39296875 0.2171875 0.15 0.0671875
4 0.52109375 0.21484375 0.1390625 0.0578125
27 0.67421875 0.40390625 0.115625 0.14375
25 0.4609375 0.4484375 0.265625 0.084375