26 0.62734375 0.5890625 0.1203125 0.071875
21 0.76875 0.6046875 0.1578125 0.0953125
9 0.44609375 0.609375 0.2625 0.0703125
5 0.365625 0.85703125 0.1703125 0.11875
15 0.7078125 0.88359375 0.2515625 0.115625
4 0.5421875 0.88828125 0.134375 0.0875
10 0.50859375 0.946875 0.2375 0.059375
25 0.815625 0.178125 0.178125 0.1671875
12 0.6796875 0.22890625 0.1125 0.053125
16 0.446875 0.2171875 0.284375 0.0578125
27 0.40859375 0.41015625 0.1390625 0.1453125
18 0.5359375 0.42265625 0.071875 0.109375
22 0.75703125 0.44296875 0.1875 0.1078125
28 0.59375 0.45234375 0.2265625 0.0859375