8 0.7296875 0.584375 0.209375 0.090625
7 0.375 0.60390625 0.11875 0.06875
23 0.5515625 0.60078125 0.159375 0.0875
13 0.6015625 0.84921875 0.159375 0.090625
0 0.7390625 0.8578125 0.171875 0.1078125
27 0.4125 0.86484375 0.115625 0.14375
1 0.5515625 0.91015625 0.21875 0.0859375
20 0.725 0.16484375 0.09375 0.1578125
6 0.38515625 0.221875 0.2140625 0.0515625
3 0.56953125 0.2203125 0.1375 0.0421875
26 0.35859375 0.45859375 0.146875 0.090625
29 0.565625 0.45546875 0.2125 0.075
19 0.74609375 0.459375 0.184375 0.0546875