13 0.58671875 0.59140625 0.1703125 0.121875
29 0.725 0.59453125 0.1484375 0.0828125
25 0.38828125 0.60546875 0.2703125 0.090625
2 0.3734375 0.884375 0.1875 0.096875
24 0.534375 0.89140625 0.1265625 0.0609375
7 0.740625 0.89453125 0.109375 0.0765625
27 0.346875 0.17421875 0.1203125 0.140625
27 0.596875 0.18515625 0.1203125 0.1234375
6 0.63984375 0.215625 0.3046875 0.078125
0 0.459375 0.21484375 0.1640625 0.0671875
11 0.78515625 0.22109375 0.08125 0.0546875
21 0.70390625 0.44375 0.2015625 0.09375
8 0.35859375 0.44375 0.209375 0.09375