6 0.62109375 0.46640625 0.1109375 0.04375
13 0.4484375 0.5703125 0.140625 0.1375
27 0.36015625 0.5828125 0.11875 0.14375
5 0.590625 0.575 0.18125 0.096875
11 0.72421875 0.5984375 0.08125 0.0671875
20 0.7734375 0.8203125 0.1140625 0.165625
20 0.8203125 0.83984375 0.1078125 0.1703125
1 0.63671875 0.846875 0.2078125 0.1046875
28 0.38046875 0.8921875 0.1703125 0.125
25 0.33125 0.16953125 0.2328125 0.165625
27 0.5234375 0.1765625 0.1265625 0.1328125
22 0.653125 0.1921875 0.1515625 0.0921875
14 0.7953125 0.2078125 0.1140625 0.05
15 0.78359375 0.4109375 0.171875 0.1578125
18 0.33671875 0.440625 0.0671875 0.1171875
26 0.56640625 0.4359375 0.121875 0.0796875
29 0.43828125 0.45 0.1453125 0.0703125
6 0.73828125 0.45 0.140625 0.06875