3 0.80859375 0.45234375 0.1375 0.0609375
12 0.740625 0.58671875 0.128125 0.0625
7 0.53984375 0.5984375 0.134375 0.06875
20 0.3890625 0.6078125 0.0984375 0.1015625
25 0.69453125 0.7953125 0.2609375 0.11875
23 0.3984375 0.8953125 0.146875 0.09375
2 0.76875 0.8890625 0.21875 0.1171875
24 0.58984375 0.90859375 0.1640625 0.084375
29 0.68359375 0.21171875 0.1421875 0.059375
19 0.38515625 0.228125 0.14375 0.0484375
6 0.54296875 0.225 0.203125 0.0453125
27 0.3953125 0.41796875 0.125 0.1296875
16 0.62265625 0.45546875 0.190625 0.0625