3 0.81171875 0.4796875 0.1375 0.059375
12 0.73203125 0.60703125 0.128125 0.059375
7 0.53125 0.60078125 0.1328125 0.0671875
20 0.38046875 0.59765625 0.096875 0.1
25 0.66796875 0.81171875 0.259375 0.115625
23 0.36484375 0.88515625 0.1453125 0.090625
2 0.73359375 0.9109375 0.2171875 0.1125
24 0.55390625 0.91484375 0.1640625 0.08125
29 0.7078125 0.22890625 0.1421875 0.05625
19 0.40859375 0.21953125 0.14375 0.0453125
6 0.56640625 0.2296875 0.2015625 0.0421875
27 0.403125 0.409375 0.121875 0.128125
16 0.6265625 0.46640625 0.190625 0.059375