27 0.74765625 0.56953125 0.1125 0.134375
13 0.33046875 0.58125 0.153125 0.1234375
24 0.60078125 0.61640625 0.1296875 0.0515625
20 0.63828125 0.81328125 0.0953125 0.15
18 0.32109375 0.84140625 0.05625 0.1046875
2 0.59140625 0.90078125 0.26875 0.08125
23 0.3515625 0.9203125 0.175 0.1234375
13 0.33515625 0.1734375 0.1640625 0.1515625
5 0.49921875 0.20390625 0.2 0.08125
0 0.62109375 0.21484375 0.1 0.0703125
29 0.74453125 0.21796875 0.1796875 0.0671875
26 0.38984375 0.4453125 0.1328125 0.0796875
19 0.69765625 0.459375 0.2 0.0484375
6 0.54140625 0.459375 0.2015625 0.0671875