24 0.3390625 0.4625 0.140625 0.0390625
27 0.7375 0.57578125 0.1140625 0.134375
21 0.44609375 0.5890625 0.1515625 0.0984375
13 0.33828125 0.58515625 0.11875 0.1375
29 0.6015625 0.61171875 0.16875 0.1
5 0.67578125 0.834375 0.1546875 0.103125
2 0.36640625 0.88359375 0.1890625 0.103125
25 0.53046875 0.89375 0.271875 0.1484375
6 0.7375 0.90546875 0.2171875 0.1171875
27 0.59921875 0.1859375 0.1171875 0.1234375
8 0.75 0.20625 0.221875 0.0890625
26 0.37734375 0.20234375 0.1640625 0.0890625
11 0.39765625 0.44375 0.075 0.0640625
23 0.7375 0.45859375 0.15625 0.06875
28 0.51875 0.45078125 0.2109375 0.0734375