13 0.41015625 0.55625 0.153125 0.11875
8 0.75234375 0.6046875 0.196875 0.090625
21 0.3671875 0.60703125 0.18125 0.096875
6 0.55 0.6140625 0.2203125 0.078125
1 0.784375 0.8765625 0.178125 0.125
17 0.41328125 0.90625 0.184375 0.090625
11 0.63359375 0.91484375 0.0828125 0.071875
26 0.36015625 0.2015625 0.1609375 0.084375
7 0.5890625 0.2109375 0.10625 0.0515625
24 0.775 0.2328125 0.134375 0.025
29 0.54140625 0.44453125 0.13125 0.078125
5 0.64609375 0.45234375 0.165625 0.084375
19 0.7578125 0.4546875 0.1625 0.046875
2 0.37734375 0.465625 0.1875 0.05625