22 0.37265625 0.58984375 0.1515625 0.1125
19 0.73984375 0.57734375 0.0625 0.040625
8 0.56171875 0.6015625 0.2078125 0.109375
21 0.59140625 0.8453125 0.1953125 0.096875
13 0.603125 0.87421875 0.1578125 0.1609375
11 0.40625 0.91953125 0.0828125 0.0796875
14 0.74765625 0.90390625 0.109375 0.075
27 0.35625 0.184375 0.1140625 0.1328125
26 0.7484375 0.19453125 0.146875 0.078125
15 0.54609375 0.2109375 0.2640625 0.071875
3 0.76171875 0.446875 0.1515625 0.0578125
17 0.546875 0.46328125 0.2234375 0.0484375