13 0.48125 0.5640625 0.1328125 0.1328125
23 0.6 0.6015625 0.1953125 0.084375
3 0.36953125 0.6203125 0.1359375 0.0640625
6 0.77421875 0.61015625 0.1859375 0.0796875
20 0.78125 0.8328125 0.1109375 0.1734375
22 0.65234375 0.85703125 0.1453125 0.1265625
1 0.521875 0.87734375 0.1984375 0.115625
19 0.378125 0.88828125 0.1453125 0.0921875
13 0.79296875 0.1796875 0.115625 0.1078125
15 0.3984375 0.21796875 0.2609375 0.0703125
25 0.421875 0.44296875 0.246875 0.0921875
29 0.56640625 0.4578125 0.1921875 0.071875
16 0.75234375 0.45390625 0.1953125 0.065625