5 0.63203125 0.56953125 0.1703125 0.1
17 0.3265625 0.58671875 0.075 0.1484375
27 0.79609375 0.5703125 0.121875 0.1484375
1 0.4453125 0.59375 0.1875 0.0859375
21 0.67734375 0.5828125 0.2 0.096875
20 0.78046875 0.80390625 0.0921875 0.1578125
20 0.6875 0.81171875 0.1109375 0.16875
15 0.4171875 0.8671875 0.215625 0.13125
24 0.58515625 0.87109375 0.1171875 0.0671875
0 0.76796875 0.87421875 0.2 0.1
25 0.36328125 0.190625 0.2515625 0.134375
22 0.775 0.1796875 0.134375 0.103125
29 0.640625 0.203125 0.1640625 0.0734375
6 0.45703125 0.2234375 0.2203125 0.065625
8 0.4109375 0.45390625 0.275 0.0953125
7 0.71953125 0.44453125 0.153125 0.065625