22 0.5046875 0.5890625 0.1421875 0.0984375
5 0.72734375 0.59609375 0.1765625 0.0953125
21 0.3546875 0.6046875 0.1578125 0.09375
19 0.709375 0.87734375 0.0578125 0.0359375
19 0.79765625 0.8890625 0.084375 0.0796875
0 0.6 0.8921875 0.103125 0.103125
25 0.42265625 0.8953125 0.278125 0.153125
0 0.73984375 0.9109375 0.09375 0.071875
8 0.77265625 0.20703125 0.221875 0.08125
3 0.359375 0.2234375 0.1328125 0.0375
24 0.51953125 0.23046875 0.1296875 0.03125
26 0.38125 0.42734375 0.1171875 0.0609375
7 0.5171875 0.453125 0.1125 0.059375
14 0.68671875 0.45703125 0.1046875 0.059375
11 0.79296875 0.46171875 0.0796875 0.0625
6 0.35234375 0.4625 0.184375 0.0703125