27 0.53671875 0.56875 0.1125 0.134375
5 0.3765625 0.603125 0.1734375 0.1
1 0.684375 0.60625 0.1953125 0.0765625
22 0.69453125 0.8640625 0.1421875 0.1328125
21 0.5546875 0.871875 0.14375 0.1171875
0 0.8109375 0.86328125 0.1328125 0.1359375
19 0.37734375 0.8859375 0.140625 0.084375
29 0.3828125 0.20546875 0.196875 0.084375
25 0.71875 0.19453125 0.25 0.090625
15 0.528125 0.2140625 0.171875 0.0640625
23 0.71875 0.44140625 0.1203125 0.0609375
7 0.6265625 0.453125 0.146875 0.0640625
16 0.39453125 0.46640625 0.1890625 0.0609375