2 0.78359375 0.46328125 0.19375 0.053125
22 0.36953125 0.5859375 0.153125 0.109375
25 0.52890625 0.596875 0.271875 0.0921875
15 0.77421875 0.5953125 0.234375 0.10625
21 0.57578125 0.85078125 0.1734375 0.09375
0 0.74375 0.86171875 0.1671875 0.0984375
23 0.41171875 0.88828125 0.1578125 0.11875
28 0.6328125 0.9171875 0.1140625 0.0921875
28 0.809375 0.9140625 0.1234375 0.0890625
19 0.37578125 0.2234375 0.134375 0.0390625
3 0.5734375 0.22109375 0.140625 0.0421875
26 0.36171875 0.45625 0.1390625 0.08125
6 0.56328125 0.45859375 0.2640625 0.0609375