2 0.7390625 0.46640625 0.228125 0.053125
27 0.73984375 0.56796875 0.103125 0.134375
13 0.33046875 0.58515625 0.121875 0.115625
22 0.45390625 0.59921875 0.15 0.1
1 0.62890625 0.61015625 0.19375 0.0828125
11 0.75078125 0.61796875 0.078125 0.065625
5 0.68515625 0.8296875 0.15 0.096875
18 0.3375 0.84296875 0.05625 0.1
3 0.5484375 0.8890625 0.140625 0.078125
19 0.7171875 0.90546875 0.20625 0.0828125
17 0.3859375 0.93671875 0.2328125 0.0953125
24 0.6484375 0.96484375 0.1625 0.0640625
20 0.51328125 0.1625 0.1109375 0.190625
27 0.37578125 0.1796875 0.121875 0.1265625
23 0.690625 0.2171875 0.1625 0.0625
28 0.51171875 0.44921875 0.21875 0.0875
14 0.353125 0.45859375 0.096875 0.053125