6 0.61875 0.4703125 0.1125 0.0375
13 0.43671875 0.55859375 0.1234375 0.1140625
5 0.58984375 0.56640625 0.1734375 0.071875
11 0.771875 0.58671875 0.0765625 0.0625
8 0.6546875 0.6 0.271875 0.103125
21 0.41484375 0.6109375 0.2078125 0.090625
20 0.76796875 0.8265625 0.0984375 0.16875
23 0.40390625 0.85390625 0.1578125 0.0875
20 0.81640625 0.8515625 0.109375 0.184375
27 0.67578125 0.86171875 0.13125 0.134375
16 0.534375 0.91484375 0.2015625 0.121875
19 0.36796875 0.928125 0.14375 0.084375
1 0.7828125 0.9234375 0.20625 0.1109375
25 0.33046875 0.1625 0.175 0.1859375
27 0.7765625 0.17109375 0.1015625 0.1203125
22 0.66484375 0.17734375 0.1125 0.053125
18 0.8234375 0.17890625 0.0671875 0.1171875
28 0.65859375 0.20703125 0.259375 0.0828125
29 0.4734375 0.21640625 0.14375 0.053125
15 0.7765625 0.41328125 0.1671875 0.1484375
26 0.56875 0.434375 0.121875 0.071875
0 0.40234375 0.4484375 0.1828125 0.0671875
6 0.74609375 0.45390625 0.1421875 0.0703125
14 0.3328125 0.4640625 0.1078125 0.0609375
3 0.46328125 0.465625 0.1390625 0.0484375