22 0.36171875 0.5796875 0.146875 0.103125
5 0.5109375 0.59296875 0.1796875 0.103125
7 0.68359375 0.6109375 0.14375 0.065625
1 0.3421875 0.8671875 0.1703125 0.09375
19 0.75390625 0.89609375 0.153125 0.084375
6 0.4828125 0.88984375 0.1265625 0.0984375
6 0.6390625 0.9046875 0.0875 0.0828125
8 0.77421875 0.2171875 0.221875 0.090625
3 0.36484375 0.21640625 0.13125 0.0421875
24 0.52734375 0.22734375 0.1359375 0.0359375
26 0.37421875 0.4296875 0.140625 0.0921875
14 0.68046875 0.46328125 0.109375 0.0671875
11 0.78828125 0.4703125 0.0828125 0.0703125
23 0.52421875 0.46484375 0.171875 0.075