1 0.421875 0.58984375 0.16875 0.1015625
8 0.74609375 0.6109375 0.215625 0.10625
29 0.55546875 0.60703125 0.1515625 0.090625
23 0.4734375 0.86484375 0.1453125 0.0796875
5 0.34609375 0.896875 0.1765625 0.1234375
25 0.38515625 0.18515625 0.259375 0.121875
14 0.70234375 0.22421875 0.121875 0.059375
19 0.80390625 0.23359375 0.1234375 0.0453125
24 0.5828125 0.23125 0.1296875 0.034375
18 0.359375 0.41875 0.065625 0.1046875
26 0.5859375 0.44140625 0.1375 0.0796875
0 0.7140625 0.46171875 0.165625 0.0765625
7 0.409375 0.45078125 0.128125 0.0609375