28 0.56171875 0.578125 0.2859375 0.0890625
26 0.39140625 0.6046875 0.1765625 0.08125
22 0.40625 0.86484375 0.19375 0.103125
9 0.7671875 0.89453125 0.2109375 0.115625
4 0.6203125 0.89375 0.14375 0.0890625
13 0.4546875 0.18125 0.1296875 0.128125
15 0.61640625 0.21640625 0.1609375 0.08125
11 0.3734375 0.2125 0.0875 0.0640625
0 0.79609375 0.22421875 0.1109375 0.071875
20 0.41796875 0.396875 0.0921875 0.1578125
7 0.75390625 0.44921875 0.0734375 0.05625
12 0.38203125 0.45859375 0.1125 0.0640625
16 0.55546875 0.46640625 0.190625 0.05625