8 0.43125 0.5875 0.19375 0.0875
9 0.78125 0.62109375 0.16875 0.0578125
15 0.6296875 0.8421875 0.1890625 0.1171875
13 0.48515625 0.8640625 0.1359375 0.1328125
4 0.37109375 0.878125 0.146875 0.09375
19 0.75 0.91953125 0.09375 0.0796875
19 0.58828125 0.91484375 0.0703125 0.0484375
23 0.5515625 0.2140625 0.1953125 0.0671875
12 0.39453125 0.209375 0.1171875 0.053125
24 0.80546875 0.24296875 0.1765625 0.0421875
20 0.74140625 0.409375 0.1109375 0.1546875
22 0.79609375 0.45390625 0.159375 0.103125
29 0.6 0.45 0.15625 0.075
16 0.4328125 0.4515625 0.1984375 0.059375