5 0.59140625 0.5734375 0.1796875 0.1
17 0.32578125 0.58359375 0.065625 0.1484375
1 0.440625 0.58671875 0.1859375 0.075
21 0.76640625 0.590625 0.1671875 0.1015625
3 0.43671875 0.628125 0.1359375 0.059375
20 0.6828125 0.8125 0.1046875 0.159375
20 0.778125 0.81171875 0.0921875 0.1609375
15 0.41796875 0.8703125 0.2015625 0.115625
24 0.5828125 0.8703125 0.1140625 0.0703125
0 0.7578125 0.8828125 0.1984375 0.0921875
22 0.78046875 0.1859375 0.1421875 0.0953125
6 0.64921875 0.2140625 0.1671875 0.0578125
8 0.41875 0.45546875 0.278125 0.096875
7 0.68828125 0.4515625 0.109375 0.0625