27 0.75390625 0.55078125 0.1140625 0.1375
13 0.33828125 0.590625 0.1234375 0.1125
17 0.61796875 0.61171875 0.259375 0.075
24 0.4515625 0.62890625 0.13125 0.0484375
20 0.66328125 0.81015625 0.1078125 0.159375
18 0.346875 0.8515625 0.0578125 0.1015625
0 0.6546875 0.9125 0.18125 0.103125
23 0.3875 0.93125 0.1765625 0.1296875
13 0.31484375 0.1859375 0.1765625 0.15
29 0.7171875 0.2015625 0.209375 0.078125
27 0.7515625 0.40859375 0.1234375 0.1296875
1 0.40546875 0.45078125 0.1953125 0.0734375
26 0.61484375 0.4421875 0.14375 0.0875