24 0.70546875 0.4828125 0.1203125 0.040625
22 0.3625 0.5765625 0.1546875 0.1125
25 0.53046875 0.60546875 0.3109375 0.1140625
14 0.7359375 0.62578125 0.1078125 0.0640625
21 0.55078125 0.85546875 0.1890625 0.0890625
13 0.56328125 0.87734375 0.1546875 0.159375
11 0.68984375 0.9078125 0.0796875 0.0765625
15 0.3453125 0.9140625 0.2140625 0.13125
27 0.3890625 0.17109375 0.115625 0.1359375
26 0.778125 0.2265625 0.1453125 0.078125
1 0.5984375 0.21875 0.196875 0.0640625
29 0.5640625 0.4453125 0.1671875 0.084375
16 0.40234375 0.459375 0.1984375 0.0703125