6 0.75 0.47109375 0.2703125 0.0640625
1 0.43046875 0.58828125 0.1484375 0.103125
8 0.75390625 0.609375 0.1953125 0.0984375
29 0.55859375 0.60625 0.15625 0.084375
11 0.34375 0.6140625 0.0828125 0.071875
22 0.73984375 0.8640625 0.134375 0.115625
23 0.47421875 0.86796875 0.1515625 0.0640625
5 0.3515625 0.89609375 0.1890625 0.121875
17 0.59375 0.9453125 0.2265625 0.0953125
25 0.37421875 0.184375 0.2609375 0.125
14 0.69296875 0.21796875 0.0984375 0.059375
19 0.79375 0.2296875 0.1453125 0.05
24 0.57421875 0.23203125 0.146875 0.0421875
18 0.35390625 0.4046875 0.059375 0.08125
27 0.55390625 0.41484375 0.115625 0.134375
7 0.39453125 0.453125 0.1265625 0.0578125