27 0.7703125 0.56015625 0.1125 0.134375
13 0.35625 0.58359375 0.1671875 0.1125
26 0.56953125 0.58984375 0.15 0.0859375
20 0.66484375 0.8125 0.0953125 0.159375
11 0.36328125 0.871875 0.0734375 0.06875
18 0.38359375 0.89453125 0.0625 0.109375
7 0.6234375 0.91171875 0.1375 0.0875
8 0.71640625 0.19921875 0.2203125 0.084375
3 0.51640625 0.2234375 0.140625 0.0390625
13 0.39765625 0.41875 0.1625 0.134375
21 0.57421875 0.446875 0.1671875 0.1
28 0.7921875 0.4453125 0.1328125 0.0703125
28 0.68359375 0.4515625 0.0734375 0.0578125