13 0.4 0.5515625 0.1609375 0.140625
26 0.353125 0.59140625 0.1515625 0.0984375
8 0.75078125 0.621875 0.196875 0.1046875
6 0.5453125 0.61328125 0.23125 0.084375
1 0.76328125 0.8890625 0.18125 0.1328125
17 0.384375 0.9 0.209375 0.0953125
11 0.609375 0.9203125 0.0859375 0.078125
18 0.67109375 0.196875 0.0796875 0.1203125
5 0.403125 0.19375 0.2 0.1046875
7 0.6046875 0.21796875 0.1109375 0.059375
3 0.76796875 0.2390625 0.1328125 0.0328125
29 0.55859375 0.44765625 0.1578125 0.08125
2 0.3765625 0.4546875 0.2015625 0.06875
28 0.715625 0.4734375 0.2625 0.0859375