6 0.6265625 0.465625 0.109375 0.04375
5 0.63046875 0.54765625 0.159375 0.05625
26 0.403125 0.578125 0.13125 0.0671875
11 0.775 0.575 0.0796875 0.0625
21 0.65703125 0.590625 0.215625 0.1046875
14 0.828125 0.60859375 0.1265625 0.065625
24 0.42734375 0.634375 0.153125 0.0421875
20 0.7015625 0.815625 0.103125 0.171875
3 0.5484375 0.83125 0.1109375 0.065625
27 0.796875 0.82265625 0.1046875 0.1265625
23 0.4234375 0.85546875 0.1703125 0.103125
1 0.58671875 0.87421875 0.196875 0.1015625
19 0.3828125 0.93828125 0.14375 0.090625
2 0.7765625 0.9203125 0.1609375 0.0828125
17 0.5625 0.9453125 0.2 0.0828125
25 0.31953125 0.16640625 0.190625 0.184375
27 0.76875 0.16328125 0.1078125 0.128125
22 0.64921875 0.17265625 0.115625 0.05625
18 0.8140625 0.17109375 0.0765625 0.1171875
28 0.64375 0.20234375 0.265625 0.0921875
29 0.46640625 0.2171875 0.159375 0.0609375
13 0.5109375 0.41484375 0.1421875 0.1390625
15 0.77265625 0.40703125 0.178125 0.146875
13 0.64453125 0.4171875 0.15625 0.1078125
0 0.39375 0.45 0.1640625 0.0609375
7 0.42109375 0.45859375 0.1453125 0.06875
6 0.74453125 0.4484375 0.1328125 0.078125