7 0.5203125 0.6 0.1453125 0.06875
12 0.72734375 0.6109375 0.1296875 0.0640625
20 0.371875 0.5953125 0.1015625 0.0984375
25 0.42265625 0.79921875 0.2265625 0.15625
24 0.7265625 0.87109375 0.1328125 0.0734375
2 0.559375 0.89140625 0.2234375 0.1171875
23 0.3515625 0.88828125 0.1359375 0.0921875
5 0.4046875 0.19375 0.1890625 0.1
29 0.63828125 0.2171875 0.171875 0.078125
3 0.81015625 0.23515625 0.1609375 0.059375
6 0.43515625 0.225 0.2421875 0.0421875
27 0.628125 0.45390625 0.215625 0.090625
19 0.7765625 0.471875 0.1828125 0.0671875
16 0.43359375 0.459375 0.196875 0.0609375