26 0.38828125 0.58203125 0.140625 0.0859375
8 0.75625 0.5953125 0.190625 0.1
6 0.55078125 0.61328125 0.23125 0.08125
16 0.7453125 0.89375 0.1921875 0.1109375
17 0.41796875 0.9125 0.178125 0.0828125
7 0.57578125 0.2078125 0.084375 0.0515625
23 0.38359375 0.21953125 0.1703125 0.0609375
14 0.70625 0.21015625 0.103125 0.059375
19 0.7921875 0.21171875 0.1453125 0.0484375
5 0.39921875 0.42109375 0.1640625 0.0625
18 0.74765625 0.4203125 0.0640625 0.1203125
29 0.565625 0.4421875 0.1421875 0.08125
28 0.40859375 0.4625 0.2796875 0.0859375