3 0.71484375 0.47578125 0.115625 0.0484375
13 0.40546875 0.56015625 0.1671875 0.121875
8 0.75625 0.61171875 0.203125 0.10625
6 0.5484375 0.61796875 0.221875 0.0828125
1 0.77109375 0.884375 0.18125 0.1234375
17 0.4109375 0.90234375 0.1953125 0.0890625
11 0.621875 0.9203125 0.0921875 0.078125
23 0.40625 0.20625 0.1890625 0.08125
7 0.59453125 0.215625 0.0875 0.05625
14 0.71796875 0.22890625 0.0921875 0.0546875
19 0.8078125 0.23515625 0.146875 0.046875
5 0.403125 0.42109375 0.1734375 0.0625
29 0.5671875 0.446875 0.14375 0.078125
28 0.40859375 0.453125 0.284375 0.0875