0 0.3984375 0.5984375 0.1828125 0.078125
26 0.575 0.59375 0.1359375 0.075
9 0.76171875 0.60703125 0.2 0.0765625
5 0.75234375 0.85703125 0.1609375 0.1140625
4 0.5765625 0.8765625 0.1625 0.0875
15 0.409375 0.8953125 0.1828125 0.115625
27 0.76796875 0.1640625 0.1203125 0.146875
12 0.3421875 0.22109375 0.1203125 0.05
29 0.49140625 0.21875 0.2125 0.05625
25 0.38515625 0.4140625 0.1890625 0.15625
18 0.53046875 0.41796875 0.06875 0.103125
22 0.75 0.42421875 0.184375 0.109375
28 0.58828125 0.44375 0.2390625 0.084375