27 0.74296875 0.5546875 0.1171875 0.1390625
13 0.34375 0.5921875 0.1296875 0.125
21 0.465625 0.58984375 0.1484375 0.103125
29 0.61484375 0.603125 0.1578125 0.0859375
11 0.75625 0.6046875 0.0828125 0.0703125
5 0.70234375 0.8203125 0.1578125 0.1078125
1 0.57890625 0.8734375 0.1796875 0.1078125
2 0.3984375 0.89296875 0.1890625 0.10625
6 0.77578125 0.88671875 0.2109375 0.1234375
20 0.50390625 0.1578125 0.1171875 0.1828125
27 0.35859375 0.18671875 0.1265625 0.13125
22 0.659375 0.184375 0.184375 0.1109375
28 0.5140625 0.44765625 0.21875 0.0875
23 0.734375 0.44140625 0.1609375 0.0796875
14 0.353125 0.465625 0.0984375 0.0578125