2 0.73984375 0.475 0.2296875 0.0609375
27 0.7375 0.5765625 0.1078125 0.1390625
13 0.32734375 0.57890625 0.125 0.1203125
22 0.45078125 0.59765625 0.153125 0.1046875
1 0.625 0.61484375 0.196875 0.0890625
11 0.746875 0.6265625 0.08125 0.06875
5 0.6734375 0.8359375 0.1546875 0.103125
18 0.32578125 0.83671875 0.0609375 0.1015625
3 0.53515625 0.890625 0.1421875 0.084375
19 0.703125 0.9125 0.209375 0.090625
17 0.37109375 0.9328125 0.2359375 0.103125
24 0.63203125 0.96640625 0.1671875 0.0640625
20 0.525 0.16328125 0.1171875 0.19375
27 0.38671875 0.17578125 0.1265625 0.13125
23 0.7 0.22421875 0.1640625 0.06875
28 0.51328125 0.45 0.221875 0.0953125
14 0.3546875 0.453125 0.0984375 0.0578125