6 0.6265625 0.475 0.128125 0.0375
13 0.4328125 0.5390625 0.140625 0.065625
5 0.58203125 0.56875 0.1546875 0.0671875
11 0.76953125 0.584375 0.0765625 0.0375
8 0.64765625 0.6078125 0.2484375 0.0953125
21 0.41796875 0.60546875 0.2296875 0.0953125
14 0.82109375 0.6296875 0.1140625 0.0625
20 0.7484375 0.83125 0.0984375 0.15
23 0.39453125 0.8484375 0.1359375 0.0890625
20 0.79921875 0.85703125 0.109375 0.175
17 0.546875 0.8546875 0.140625 0.0609375
27 0.66484375 0.86875 0.1125 0.1375
1 0.76875 0.9234375 0.1953125 0.125
16 0.51796875 0.92265625 0.1671875 0.1390625
19 0.35390625 0.9296875 0.1515625 0.09375
25 0.346875 0.15546875 0.178125 0.18125
27 0.78125 0.18125 0.096875 0.1265625
22 0.67421875 0.1828125 0.1125 0.0484375
18 0.8359375 0.1921875 0.06875 0.1125
28 0.6671875 0.20859375 0.2609375 0.075
29 0.48671875 0.21796875 0.15 0.05625
15 0.79296875 0.4203125 0.159375 0.1515625
26 0.57109375 0.4375 0.134375 0.075
0 0.40703125 0.440625 0.1703125 0.0625
7 0.42109375 0.45234375 0.140625 0.0640625
6 0.74765625 0.46484375 0.125 0.0671875