1 0.4203125 0.58671875 0.165625 0.09375
29 0.5609375 0.60390625 0.1546875 0.1
8 0.75 0.60859375 0.2046875 0.09375
11 0.3484375 0.61484375 0.0828125 0.071875
25 0.78828125 0.85546875 0.159375 0.2359375
26 0.51484375 0.875 0.1375 0.10625
2 0.36015625 0.8984375 0.15625 0.1078125
6 0.57890625 0.2140625 0.0859375 0.0484375
14 0.715625 0.21796875 0.1015625 0.0609375
19 0.80703125 0.22890625 0.1296875 0.0390625
17 0.3828125 0.2296875 0.221875 0.0296875
18 0.74765625 0.421875 0.065625 0.09375
5 0.39453125 0.41875 0.178125 0.0703125
15 0.78125 0.4546875 0.1703125 0.0921875
28 0.3953125 0.45546875 0.2609375 0.0890625
6 0.6203125 0.4609375 0.196875 0.0671875