24 0.3359375 0.4765625 0.1421875 0.0421875
27 0.74296875 0.5546875 0.115625 0.1375
21 0.45390625 0.59296875 0.1515625 0.1
13 0.34609375 0.5984375 0.1203125 0.1390625
29 0.6109375 0.60234375 0.1703125 0.103125
5 0.7046875 0.81796875 0.15625 0.1046875
2 0.4 0.89375 0.190625 0.10625
25 0.56484375 0.8890625 0.2734375 0.153125
6 0.771875 0.8828125 0.2203125 0.121875
27 0.571875 0.17890625 0.11875 0.1265625
8 0.7234375 0.18515625 0.2234375 0.09375
26 0.35234375 0.2140625 0.165625 0.090625
11 0.39375 0.453125 0.0765625 0.065625
23 0.7328125 0.4375 0.1578125 0.071875
28 0.51484375 0.44921875 0.2125 0.0765625