10 0.41640625 0.47890625 0.240625 0.034375
28 0.76796875 0.58984375 0.184375 0.0984375
21 0.59765625 0.596875 0.1421875 0.078125
7 0.4265625 0.60703125 0.1328125 0.0609375
15 0.78046875 0.8515625 0.1515625 0.1515625
26 0.5546875 0.859375 0.1578125 0.096875
4 0.4140625 0.871875 0.1296875 0.0859375
13 0.790625 0.1859375 0.1640625 0.1078125
24 0.63828125 0.228125 0.178125 0.0296875
18 0.74609375 0.41484375 0.0640625 0.1015625
23 0.45703125 0.4390625 0.1859375 0.0703125
11 0.58046875 0.44765625 0.0796875 0.075
25 0.70078125 0.45 0.3015625 0.0703125