24 0.5890625 0.465625 0.1046875 0.04375
19 0.41171875 0.46953125 0.278125 0.0546875
27 0.75234375 0.56015625 0.1125 0.134375
13 0.33828125 0.58125 0.1203125 0.1265625
7 0.56953125 0.59609375 0.1234375 0.0703125
20 0.6484375 0.81796875 0.1078125 0.165625
18 0.33671875 0.84609375 0.05625 0.1015625
23 0.375 0.925 0.1703125 0.1171875
13 0.32890625 0.17421875 0.1734375 0.1515625
26 0.48984375 0.2078125 0.165625 0.0734375
29 0.734375 0.21484375 0.2078125 0.065625
5 0.73515625 0.4421875 0.1734375 0.0875