22 0.503125 0.58828125 0.146875 0.096875
21 0.3609375 0.6015625 0.1265625 0.1015625
1 0.646875 0.62109375 0.1796875 0.075
19 0.7109375 0.875 0.053125 0.0390625
19 0.80078125 0.88984375 0.0875 0.0796875
0 0.60546875 0.88984375 0.10625 0.103125
25 0.41796875 0.8921875 0.2734375 0.1578125
0 0.7421875 0.91484375 0.0859375 0.071875
6 0.6640625 0.2265625 0.1625 0.0484375
3 0.36015625 0.22265625 0.125 0.04375
24 0.525 0.23125 0.1296875 0.034375
29 0.41328125 0.44765625 0.2890625 0.0859375
16 0.58984375 0.45234375 0.128125 0.040625
7 0.6875 0.459375 0.1015625 0.0546875