13 0.41015625 0.5578125 0.159375 0.109375
8 0.753125 0.60390625 0.196875 0.0921875
21 0.3671875 0.6046875 0.165625 0.09375
6 0.54921875 0.61015625 0.225 0.078125
1 0.78046875 0.87734375 0.1625 0.121875
17 0.40703125 0.90546875 0.184375 0.084375
11 0.63125 0.91640625 0.0796875 0.075
26 0.359375 0.20078125 0.14375 0.078125
7 0.590625 0.2125 0.1015625 0.053125
24 0.78125 0.23046875 0.11875 0.0328125
13 0.3859375 0.4359375 0.153125 0.1109375
18 0.76796875 0.4359375 0.084375 0.11875
14 0.6703125 0.4375 0.1 0.0296875
29 0.55234375 0.44375 0.15625 0.08125
19 0.734375 0.45625 0.209375 0.046875