27 0.7421875 0.565625 0.1078125 0.134375
13 0.3359375 0.584375 0.115625 0.1265625
22 0.45703125 0.60078125 0.146875 0.10625
11 0.7515625 0.61796875 0.0796875 0.065625
5 0.6875 0.83125 0.1515625 0.1
18 0.33828125 0.84375 0.05625 0.1
1 0.5578125 0.87734375 0.1765625 0.0953125
19 0.725 0.91171875 0.190625 0.06875
17 0.3859375 0.93828125 0.23125 0.09375
20 0.52109375 0.1609375 0.109375 0.175
27 0.37578125 0.18046875 0.125 0.1265625
3 0.7359375 0.2234375 0.15 0.040625
28 0.50859375 0.45078125 0.2140625 0.08125
23 0.73125 0.45625 0.1703125 0.078125
14 0.3546875 0.45859375 0.0921875 0.0546875