3 0.7109375 0.4640625 0.1234375 0.04375
13 0.415625 0.565625 0.15625 0.1203125
8 0.75859375 0.5984375 0.203125 0.0984375
6 0.559375 0.61171875 0.2265625 0.08125
1 0.79609375 0.8703125 0.178125 0.1125
17 0.41015625 0.9078125 0.1828125 0.078125
11 0.640625 0.91640625 0.0984375 0.0890625
23 0.4046875 0.21015625 0.1671875 0.05625
7 0.58125 0.2109375 0.0828125 0.053125
14 0.71171875 0.21796875 0.1171875 0.0609375
19 0.7984375 0.221875 0.1375 0.046875
25 0.4046875 0.41015625 0.25625 0.175
29 0.56875 0.44296875 0.1421875 0.08125