2 0.3703125 0.47109375 0.2109375 0.053125
8 0.75859375 0.59921875 0.2015625 0.103125
16 0.37421875 0.61796875 0.1984375 0.06875
17 0.56796875 0.62109375 0.2015625 0.053125
27 0.66875 0.853125 0.1109375 0.140625
25 0.76875 0.87734375 0.190625 0.20625
26 0.49296875 0.8828125 0.140625 0.1046875
3 0.36171875 0.903125 0.1171875 0.071875
15 0.6265625 0.21015625 0.228125 0.0640625
1 0.42421875 0.21796875 0.1640625 0.0640625
19 0.775 0.21953125 0.1171875 0.040625
18 0.35078125 0.415625 0.0640625 0.078125