26 0.39453125 0.59140625 0.1328125 0.0875
28 0.778125 0.6078125 0.1796875 0.08125
21 0.5546875 0.6046875 0.1625 0.0828125
4 0.39609375 0.8671875 0.1515625 0.0921875
22 0.58984375 0.8859375 0.2046875 0.1125
9 0.7578125 0.896875 0.2078125 0.1125
13 0.45859375 0.1796875 0.1265625 0.13125
11 0.375 0.20859375 0.0859375 0.0640625
15 0.6203125 0.2203125 0.1515625 0.075
0 0.79375 0.22734375 0.1109375 0.0671875
20 0.78515625 0.40625 0.0984375 0.153125
7 0.6171875 0.4546875 0.1328125 0.0578125
12 0.3875 0.4578125 0.1234375 0.0703125