6 0.62734375 0.4703125 0.1078125 0.040625
5 0.62890625 0.55234375 0.1578125 0.05
26 0.40078125 0.57421875 0.1296875 0.0625
11 0.77265625 0.584375 0.078125 0.059375
21 0.65390625 0.59609375 0.2140625 0.096875
14 0.82421875 0.6203125 0.125 0.0609375
24 0.42265625 0.63203125 0.1515625 0.0375
20 0.68984375 0.82265625 0.096875 0.1703125
3 0.53671875 0.8328125 0.109375 0.0609375
27 0.78515625 0.8328125 0.1015625 0.1234375
23 0.4109375 0.85234375 0.1671875 0.096875
1 0.5734375 0.8765625 0.19375 0.0953125
19 0.36796875 0.93359375 0.140625 0.0859375
2 0.76171875 0.9296875 0.1578125 0.078125
17 0.546875 0.946875 0.1984375 0.075
25 0.33125 0.1609375 0.184375 0.1796875
27 0.78046875 0.1734375 0.103125 0.125
22 0.6609375 0.178125 0.1140625 0.0515625
18 0.825 0.1828125 0.0734375 0.1140625
28 0.65390625 0.20703125 0.2640625 0.0828125
29 0.4765625 0.215625 0.1578125 0.0546875
13 0.5140625 0.415625 0.1375 0.134375
15 0.77578125 0.41640625 0.1734375 0.140625
13 0.646875 0.42265625 0.153125 0.103125
0 0.39609375 0.44609375 0.1625 0.05625
7 0.42265625 0.45625 0.14375 0.0640625
6 0.74609375 0.45625 0.13125 0.0734375