17 0.33359375 0.590625 0.0796875 0.153125
1 0.41015625 0.5921875 0.1453125 0.078125
21 0.784375 0.58203125 0.1453125 0.1
25 0.58515625 0.59453125 0.296875 0.134375
20 0.68984375 0.81328125 0.1 0.1609375
20 0.778125 0.809375 0.0953125 0.1640625
15 0.4203125 0.8703125 0.234375 0.1234375
24 0.58671875 0.8734375 0.1015625 0.065625
0 0.76484375 0.87734375 0.2015625 0.103125
22 0.77578125 0.18125 0.134375 0.1015625
6 0.63359375 0.21328125 0.1859375 0.05625
3 0.3390625 0.23046875 0.128125 0.0484375
8 0.41171875 0.4546875 0.2890625 0.09375
7 0.68359375 0.446875 0.109375 0.0609375