22 0.59921875 0.584375 0.1359375 0.09375
14 0.7859375 0.59296875 0.1171875 0.059375
11 0.43203125 0.60390625 0.0875 0.071875
19 0.784375 0.8671875 0.0875 0.05625
29 0.4109375 0.88359375 0.15625 0.103125
19 0.69453125 0.88671875 0.0734375 0.0578125
3 0.58359375 0.89375 0.1375 0.075
19 0.76640625 0.9265625 0.0734375 0.04375
27 0.359375 0.178125 0.1421875 0.1453125
0 0.7640625 0.20546875 0.1765625 0.06875
24 0.596875 0.2234375 0.1453125 0.0359375
1 0.75390625 0.44375 0.159375 0.071875
26 0.60703125 0.4484375 0.171875 0.0828125
7 0.43046875 0.45859375 0.14375 0.0640625