22 0.50625 0.5890625 0.140625 0.0953125
5 0.72890625 0.5921875 0.175 0.09375
21 0.35625 0.60703125 0.15625 0.090625
19 0.715625 0.8734375 0.05625 0.034375
19 0.8046875 0.88359375 0.084375 0.078125
0 0.60703125 0.890625 0.1 0.1
25 0.4296875 0.896875 0.275 0.146875
0 0.746875 0.90703125 0.0921875 0.0703125
8 0.7671875 0.20234375 0.221875 0.078125
3 0.3546875 0.22578125 0.1328125 0.0359375
24 0.51484375 0.23046875 0.1296875 0.0296875
26 0.3796875 0.4296875 0.115625 0.059375
7 0.51640625 0.453125 0.1125 0.05625
14 0.6859375 0.45390625 0.103125 0.05625
11 0.7921875 0.45625 0.078125 0.0609375
6 0.3515625 0.46484375 0.184375 0.065625