8 0.759375 0.6015625 0.209375 0.0984375
29 0.5640625 0.60859375 0.1546875 0.090625
3 0.3734375 0.62578125 0.1375 0.0515625
25 0.79453125 0.85078125 0.15 0.2234375
21 0.66328125 0.87265625 0.1390625 0.115625
17 0.4078125 0.9015625 0.2015625 0.084375
26 0.3703125 0.203125 0.16875 0.0921875
7 0.57890625 0.21015625 0.0828125 0.0484375
14 0.7109375 0.21875 0.1015625 0.05
19 0.796875 0.21953125 0.1328125 0.0453125
18 0.74765625 0.40234375 0.0625 0.06875
5 0.39765625 0.4296875 0.1859375 0.0734375
15 0.78125 0.446875 0.1796875 0.09375
28 0.39609375 0.46015625 0.2765625 0.078125
6 0.62265625 0.45703125 0.196875 0.0671875