24 0.3359375 0.46015625 0.125 0.0453125
27 0.7359375 0.5796875 0.1140625 0.1359375
13 0.3328125 0.57265625 0.115625 0.125
21 0.4546875 0.584375 0.13125 0.0921875
29 0.6046875 0.615625 0.1609375 0.09375
5 0.66953125 0.8390625 0.1578125 0.1109375
1 0.53515625 0.87734375 0.1921875 0.109375
2 0.35703125 0.88046875 0.1890625 0.1046875
6 0.7375 0.9171875 0.1984375 0.1140625
20 0.53671875 0.1609375 0.1140625 0.1828125
27 0.3921875 0.175 0.128125 0.13125
22 0.69140625 0.20234375 0.190625 0.1125
11 0.39921875 0.44375 0.0734375 0.0640625
28 0.51484375 0.453125 0.2109375 0.0828125
23 0.73046875 0.46484375 0.1765625 0.08125