8 0.75703125 0.58984375 0.2125 0.103125
29 0.565625 0.60234375 0.165625 0.1015625
3 0.37734375 0.6265625 0.1265625 0.0484375
25 0.80390625 0.83515625 0.1703125 0.23125
21 0.68046875 0.85625 0.15625 0.1015625
17 0.43125 0.9125 0.1828125 0.0875
7 0.565625 0.20703125 0.0859375 0.0546875
14 0.6984375 0.20390625 0.10625 0.05
19 0.790625 0.2078125 0.1296875 0.05
18 0.7375 0.3984375 0.065625 0.0765625
5 0.39296875 0.4328125 0.190625 0.0828125
15 0.7765625 0.43125 0.1953125 0.1015625
6 0.615625 0.45078125 0.1921875 0.0703125
28 0.39453125 0.465625 0.259375 0.0953125