25 0.45859375 0.5609375 0.2609375 0.1171875
11 0.75 0.58984375 0.08125 0.06875
4 0.60703125 0.6 0.14375 0.06875
6 0.371875 0.6234375 0.13125 0.0625
26 0.66171875 0.8765625 0.146875 0.0890625
28 0.803125 0.87265625 0.175 0.134375
0 0.41328125 0.88828125 0.1859375 0.1015625
20 0.63671875 0.16484375 0.109375 0.159375
5 0.79453125 0.1890625 0.196875 0.096875
8 0.39921875 0.2046875 0.203125 0.090625
27 0.390625 0.4109375 0.11875 0.125
7 0.74921875 0.4390625 0.1296875 0.0640625
16 0.56015625 0.45546875 0.2484375 0.065625