3 0.35625 0.47265625 0.1234375 0.0546875
17 0.74921875 0.46015625 0.25625 0.0546875
21 0.36484375 0.603125 0.1484375 0.1
7 0.540625 0.59765625 0.1421875 0.0609375
8 0.753125 0.5953125 0.2 0.0953125
0 0.59140625 0.85234375 0.084375 0.0640625
0 0.7296875 0.8609375 0.1265625 0.090625
19 0.35625 0.88359375 0.078125 0.0421875
19 0.521875 0.88203125 0.1375 0.0859375
27 0.76328125 0.1703125 0.121875 0.1296875
26 0.43125 0.21015625 0.153125 0.0796875
29 0.609375 0.209375 0.1671875 0.0765625
15 0.46796875 0.44609375 0.3125 0.0765625