1 0.4265625 0.58984375 0.1671875 0.1
8 0.75703125 0.6 0.2046875 0.09375
29 0.5609375 0.60390625 0.1609375 0.0875
22 0.75234375 0.85546875 0.1484375 0.115625
23 0.4921875 0.87109375 0.1421875 0.075
5 0.3765625 0.903125 0.1671875 0.115625
25 0.36640625 0.18828125 0.25625 0.125
14 0.69375 0.21328125 0.0984375 0.059375
19 0.78671875 0.21796875 0.1328125 0.04375
24 0.5609375 0.228125 0.128125 0.040625
27 0.553125 0.41640625 0.1203125 0.134375
18 0.353125 0.42734375 0.0640625 0.1046875
0 0.7125 0.44765625 0.1765625 0.071875
7 0.39375 0.45703125 0.121875 0.059375