27 0.74765625 0.559375 0.1109375 0.1328125
13 0.3328125 0.58203125 0.1296875 0.121875
24 0.5875 0.61953125 0.1125 0.0515625
20 0.6453125 0.8046875 0.090625 0.1453125
18 0.33203125 0.84609375 0.0546875 0.1015625
2 0.603125 0.90078125 0.265625 0.0828125
23 0.36796875 0.925 0.165625 0.1234375
13 0.32890625 0.175 0.159375 0.1453125
5 0.48671875 0.20234375 0.19375 0.08125
0 0.61484375 0.21015625 0.278125 0.075
29 0.7734375 0.2140625 0.103125 0.0546875
26 0.3875 0.44921875 0.134375 0.084375
19 0.69375 0.453125 0.2 0.0484375
6 0.53828125 0.4578125 0.1984375 0.0671875